YYYY MM DD hh  WD  WSPD GST  WVHT  DPD   APD  MWD  BAR    ATMP  WTMP  DEWP  VIS  TIDE
2004 11 16 21 999 99.0 99.0 99.00 99.00 99.00 999 9999.0 999.0   8.2 999.0 99.0 99.00
2004 11 16 22 999 99.0 99.0 99.00 99.00 99.00 999 9999.0 999.0   8.3 999.0 99.0 99.00
2004 11 16 23 999 99.0 99.0 99.00 99.00 99.00 999 9999.0 999.0   8.4 999.0 99.0 99.00
2004 11 17 00 999 99.0 99.0 99.00 99.00 99.00 999 9999.0 999.0   8.6 999.0 99.0 99.00
2004 11 17 01 999 99.0 99.0 99.00 99.00 99.00 999 9999.0 999.0   8.5 999.0 99.0 99.00
2004 11 17 02 999 99.0 99.0 99.00 99.00 99.00 999 9999.0 999.0   8.7 999.0 99.0 99.00
2004 11 17 03 999 99.0 99.0 99.00 99.00 99.00 999 9999.0 999.0   8.6 999.0 99.0 99.00
2004 11 17 04 999 99.0 99.0 99.00 99.00 99.00 999 9999.0 999.0   8.5 999.0 99.0 99.00
2004 11 17 05 999 99.0 99.0 99.00 99.00 99.00 999 9999.0 999.0   8.3 999.0 99.0 99.00
2004 11 17 06 999 99.0 99.0 99.00 99.00 99.00 999 9999.0 999.0   8.1 999.0 99.0 99.00
2004 11 17 08 999 99.0 99.0 99.00 99.00 99.00 999 9999.0 999.0   8.3 999.0 99.0 99.00
2004 11 17 09 999 99.0 99.0 99.00 99.00 99.00 999 9999.0 999.0   8.0 999.0 99.0 99.00
2004 11 17 10 999 99.0 99.0 99.00 99.00 99.00 999 9999.0 999.0   8.3 999.0 99.0 99.00
2004 11 17 11 999 99.0 99.0 99.00 99.00 99.00 999 9999.0 999.0   8.3 999.0 99.0 99.00
2004 11 17 12 999 99.0 99.0 99.00 99.00 99.00 999 9999.0 999.0   8.3 999.0 99.0 99.00
2004 11 17 13 999 99.0 99.0 99.00 99.00 99.00 999 9999.0 999.0   8.6 999.0 99.0 99.00
2004 11 17 14 999 99.0 99.0 99.00 99.00 99.00 999 9999.0 999.0   8.5 999.0 99.0 99.00
2004 11 17 15 999 99.0 99.0 99.00 99.00 99.00 999 9999.0 999.0   8.4 999.0 99.0 99.00
2004 11 17 16 999 99.0 99.0 99.00 99.00 99.00 999 9999.0 999.0   8.3 999.0 99.0 99.00
2004 11 17 17 999 99.0 99.0 99.00 99.00 99.00 999 9999.0 999.0   8.3 999.0 99.0 99.00
2004 11 17 18 999 99.0 99.0 99.00 99.00 99.00 999 9999.0 999.0   8.4 999.0 99.0 99.00
2004 11 17 19 999 99.0 99.0 99.00 99.00 99.00 999 9999.0 999.0   8.6 999.0 99.0 99.00
2004 11 17 20 999 99.0 99.0 99.00 99.00 99.00 999 9999.0 999.0   8.5 999.0 99.0 99.00
2004 11 17 21 999 99.0 99.0 99.00 99.00 99.00 999 9999.0 999.0   8.6 999.0 99.0 99.00
2004 11 17 22 999 99.0 99.0 99.00 99.00 99.00 999 9999.0 999.0   8.7 999.0 99.0 99.00
2004 11 17 23 999 99.0 99.0 99.00 99.00 99.00 999 9999.0 999.0   8.4 999.0 99.0 99.00
2004 11 18 00 999 99.0 99.0 99.00 99.00 99.00 999 9999.0 999.0   8.7 999.0 99.0 99.00
2004 11 18 01 999 99.0 99.0 99.00 99.00 99.00 999 9999.0 999.0   8.6 999.0 99.0 99.00
2004 11 18 02 999 99.0 99.0 99.00 99.00 99.00 999 9999.0 999.0   8.6 999.0 99.0 99.00
2004 11 18 03 999 99.0 99.0 99.00 99.00 99.00 999 9999.0 999.0   8.5 999.0 99.0 99.00
2004 11 18 04 999 99.0 99.0 99.00 99.00 99.00 999 9999.0 999.0   8.8 999.0 99.0 99.00
2004 11 18 05 999 99.0 99.0 99.00 99.00 99.00 999 9999.0 999.0   8.5 999.0 99.0 99.00
2004 11 18 06 999 99.0 99.0 99.00 99.00 99.00 999 9999.0 999.0   8.5 999.0 99.0 99.00
2004 11 18 07 999 99.0 99.0 99.00 99.00 99.00 999 9999.0 999.0   8.3 999.0 99.0 99.00
2004 11 18 08 999 99.0 99.0 99.00 99.00 99.00 999 9999.0 999.0   8.4 999.0 99.0 99.00
2004 11 18 09 999 99.0 99.0 99.00 99.00 99.00 999 9999.0 999.0   8.4 999.0 99.0 99.00
2004 11 18 10 999 99.0 99.0 99.00 99.00 99.00 999 9999.0 999.0   8.6 999.0 99.0 99.00
2004 11 18 11 999 99.0 99.0 99.00 99.00 99.00 999 9999.0 999.0   8.3 999.0 99.0 99.00
2004 11 18 12 999 99.0 99.0 99.00 99.00 99.00 999 9999.0 999.0   8.4 999.0 99.0 99.00
2004 11 18 14 999 99.0 99.0 99.00 99.00 99.00 999 9999.0 999.0   8.5 999.0 99.0 99.00
2004 11 18 15 999 99.0 99.0 99.00 99.00 99.00 999 9999.0 999.0   8.5 999.0 99.0 99.00
2004 11 18 16 999 99.0 99.0 99.00 99.00 99.00 999 9999.0 999.0   8.7 999.0 99.0 99.00
2004 11 18 17 999 99.0 99.0 99.00 99.00 99.00 999 9999.0 999.0   8.6 999.0 99.0 99.00
2004 11 18 18 999 99.0 99.0 99.00 99.00 99.00 999 9999.0 999.0   8.6 999.0 99.0 99.00
2004 11 18 19 999 99.0 99.0 99.00 99.00 99.00 999 9999.0 999.0   8.5 999.0 99.0 99.00
2004 11 18 20 999 99.0 99.0 99.00 99.00 99.00 999 9999.0 999.0   8.7 999.0 99.0 99.00
2004 11 18 21 999 99.0 99.0 99.00 99.00 99.00 999 9999.0 999.0   8.6 999.0 99.0 99.00
2004 11 18 22 999 99.0 99.0 99.00 99.00 99.00 999 9999.0 999.0   8.6 999.0 99.0 99.00
2004 11 18 23 999 99.0 99.0 99.00 99.00 99.00 999 9999.0 999.0   8.4 999.0 99.0 99.00
2004 11 19 00 999 99.0 99.0 99.00 99.00 99.00 999 9999.0 999.0   8.6 999.0 99.0 99.00
2004 11 19 01 999 99.0 99.0 99.00 99.00 99.00 999 9999.0 999.0   8.5 999.0 99.0 99.00
2004 11 19 02 999 99.0 99.0 99.00 99.00 99.00 999 9999.0 999.0   8.6 999.0 99.0 99.00
2004 11 19 04 999 99.0 99.0 99.00 99.00 99.00 999 9999.0 999.0   8.7 999.0 99.0 99.00
2004 11 19 05 999 99.0 99.0 99.00 99.00 99.00 999 9999.0 999.0   8.6 999.0 99.0 99.00
2004 11 19 06 999 99.0 99.0 99.00 99.00 99.00 999 9999.0 999.0   8.6 999.0 99.0 99.00
2004 11 19 07 999 99.0 99.0 99.00 99.00 99.00 999 9999.0 999.0   8.6 999.0 99.0 99.00
2004 11 19 08 999 99.0 99.0 99.00 99.00 99.00 999 9999.0 999.0   8.6 999.0 99.0 99.00
2004 11 19 09 999 99.0 99.0 99.00 99.00 99.00 999 9999.0 999.0   8.7 999.0 99.0 99.00
2004 11 19 10 999 99.0 99.0 99.00 99.00 99.00 999 9999.0 999.0   8.7 999.0 99.0 99.00
2004 11 19 11 999 99.0 99.0 99.00 99.00 99.00 999 9999.0 999.0   8.6 999.0 99.0 99.00
2004 11 19 12 999 99.0 99.0 99.00 99.00 99.00 999 9999.0 999.0   8.6 999.0 99.0 99.00
2004 11 19 13 999 99.0 99.0 99.00 99.00 99.00 999 9999.0 999.0   8.6 999.0 99.0 99.00
2004 11 19 14 999 99.0 99.0 99.00 99.00 99.00 999 9999.0 999.0   8.7 999.0 99.0 99.00
2004 11 19 15 999 99.0 99.0 99.00 99.00 99.00 999 9999.0 999.0   8.6 999.0 99.0 99.00
2004 11 19 16 999 99.0 99.0 99.00 99.00 99.00 999 9999.0 999.0   8.7 999.0 99.0 99.00
2004 11 19 17 999 99.0 99.0 99.00 99.00 99.00 999 9999.0 999.0   8.8 999.0 99.0 99.00
2004 11 19 18 999 99.0 99.0 99.00 99.00 99.00 999 9999.0 999.0   8.8 999.0 99.0 99.00
2004 11 19 19 999 99.0 99.0 99.00 99.00 99.00 999 9999.0 999.0   9.0 999.0 99.0 99.00
2004 11 19 20 999 99.0 99.0 99.00 99.00 99.00 999 9999.0 999.0   8.9 999.0 99.0 99.00
2004 11 19 21 999 99.0 99.0 99.00 99.00 99.00 999 9999.0 999.0   8.8 999.0 99.0 99.00
2004 11 19 22 999 99.0 99.0 99.00 99.00 99.00 999 9999.0 999.0   8.8 999.0 99.0 99.00
2004 11 19 23 999 99.0 99.0 99.00 99.00 99.00 999 9999.0 999.0   8.9 999.0 99.0 99.00
2004 11 20 00 999 99.0 99.0 99.00 99.00 99.00 999 9999.0 999.0   8.9 999.0 99.0 99.00
2004 11 20 01 999 99.0 99.0 99.00 99.00 99.00 999 9999.0 999.0   8.9 999.0 99.0 99.00
2004 11 20 02 999 99.0 99.0 99.00 99.00 99.00 999 9999.0 999.0   8.9 999.0 99.0 99.00
2004 11 20 03 999 99.0 99.0 99.00 99.00 99.00 999 9999.0 999.0   8.7 999.0 99.0 99.00
2004 11 20 05 999 99.0 99.0 99.00 99.00 99.00 999 9999.0 999.0   8.9 999.0 99.0 99.00
2004 11 20 06 999 99.0 99.0 99.00 99.00 99.00 999 9999.0 999.0   8.8 999.0 99.0 99.00
2004 11 20 07 999 99.0 99.0 99.00 99.00 99.00 999 9999.0 999.0   8.8 999.0 99.0 99.00
2004 11 20 08 999 99.0 99.0 99.00 99.00 99.00 999 9999.0 999.0   8.8 999.0 99.0 99.00
2004 11 20 09 999 99.0 99.0 99.00 99.00 99.00 999 9999.0 999.0   8.7 999.0 99.0 99.00
2004 11 20 10 999 99.0 99.0 99.00 99.00 99.00 999 9999.0 999.0   8.7 999.0 99.0 99.00
2004 11 20 11 999 99.0 99.0 99.00 99.00 99.00 999 9999.0 999.0   8.5 999.0 99.0 99.00
2004 11 20 12 999 99.0 99.0 99.00 99.00 99.00 999 9999.0 999.0   8.7 999.0 99.0 99.00
2004 11 20 13 999 99.0 99.0 99.00 99.00 99.00 999 9999.0 999.0   8.6 999.0 99.0 99.00
2004 11 20 14 999 99.0 99.0 99.00 99.00 99.00 999 9999.0 999.0   8.7 999.0 99.0 99.00
2004 11 20 15 999 99.0 99.0 99.00 99.00 99.00 999 9999.0 999.0   8.4 999.0 99.0 99.00
2004 11 20 16 999 99.0 99.0 99.00 99.00 99.00 999 9999.0 999.0   8.7 999.0 99.0 99.00
2004 11 20 17 999 99.0 99.0 99.00 99.00 99.00 999 9999.0 999.0   8.6 999.0 99.0 99.00
2004 11 20 18 999 99.0 99.0 99.00 99.00 99.00 999 9999.0 999.0   8.6 999.0 99.0 99.00
2004 11 20 19 999 99.0 99.0 99.00 99.00 99.00 999 9999.0 999.0   8.6 999.0 99.0 99.00
2004 11 20 20 999 99.0 99.0 99.00 99.00 99.00 999 9999.0 999.0   8.8 999.0 99.0 99.00
2004 11 20 21 999 99.0 99.0 99.00 99.00 99.00 999 9999.0 999.0   8.7 999.0 99.0 99.00
2004 11 20 22 999 99.0 99.0 99.00 99.00 99.00 999 9999.0 999.0   8.8 999.0 99.0 99.00
2004 11 20 23 999 99.0 99.0 99.00 99.00 99.00 999 9999.0 999.0   8.8 999.0 99.0 99.00
2004 11 21 00 999 99.0 99.0 99.00 99.00 99.00 999 9999.0 999.0   8.7 999.0 99.0 99.00
2004 11 21 01 999 99.0 99.0 99.00 99.00 99.00 999 9999.0 999.0   8.7 999.0 99.0 99.00
2004 11 21 02 999 99.0 99.0 99.00 99.00 99.00 999 9999.0 999.0   8.8 999.0 99.0 99.00
2004 11 21 03 999 99.0 99.0 99.00 99.00 99.00 999 9999.0 999.0   8.8 999.0 99.0 99.00
2004 11 21 04 999 99.0 99.0 99.00 99.00 99.00 999 9999.0 999.0   8.7 999.0 99.0 99.00
2004 11 21 05 999 99.0 99.0 99.00 99.00 99.00 999 9999.0 999.0   8.7 999.0 99.0 99.00
2004 11 21 07 999 99.0 99.0 99.00 99.00 99.00 999 9999.0 999.0   8.9 999.0 99.0 99.00
2004 11 21 08 999 99.0 99.0 99.00 99.00 99.00 999 9999.0 999.0   8.7 999.0 99.0 99.00
2004 11 21 09 999 99.0 99.0 99.00 99.00 99.00 999 9999.0 999.0   8.5 999.0 99.0 99.00
2004 11 21 10 999 99.0 99.0 99.00 99.00 99.00 999 9999.0 999.0   8.7 999.0 99.0 99.00
2004 11 21 11 999 99.0 99.0 99.00 99.00 99.00 999 9999.0 999.0   8.7 999.0 99.0 99.00
2004 11 21 12 999 99.0 99.0 99.00 99.00 99.00 999 9999.0 999.0   8.5 999.0 99.0 99.00
2004 11 21 13 999 99.0 99.0 99.00 99.00 99.00 999 9999.0 999.0   8.6 999.0 99.0 99.00
2004 11 21 14 999 99.0 99.0 99.00 99.00 99.00 999 9999.0 999.0   8.7 999.0 99.0 99.00
2004 11 21 15 999 99.0 99.0 99.00 99.00 99.00 999 9999.0 999.0   8.6 999.0 99.0 99.00
2004 11 21 16 999 99.0 99.0 99.00 99.00 99.00 999 9999.0 999.0   8.7 999.0 99.0 99.00
2004 11 21 17 999 99.0 99.0 99.00 99.00 99.00 999 9999.0 999.0   8.6 999.0 99.0 99.00
2004 11 21 18 999 99.0 99.0 99.00 99.00 99.00 999 9999.0 999.0   8.6 999.0 99.0 99.00
2004 11 21 20 999 99.0 99.0 99.00 99.00 99.00 999 9999.0 999.0   8.7 999.0 99.0 99.00
2004 11 21 21 999 99.0 99.0 99.00 99.00 99.00 999 9999.0 999.0   8.6 999.0 99.0 99.00
2004 11 21 22 999 99.0 99.0 99.00 99.00 99.00 999 9999.0 999.0   8.7 999.0 99.0 99.00
2004 11 21 23 999 99.0 99.0 99.00 99.00 99.00 999 9999.0 999.0   8.8 999.0 99.0 99.00
2004 11 22 00 999 99.0 99.0 99.00 99.00 99.00 999 9999.0 999.0   8.6 999.0 99.0 99.00
2004 11 22 01 999 99.0 99.0 99.00 99.00 99.00 999 9999.0 999.0   8.8 999.0 99.0 99.00
2004 11 22 02 999 99.0 99.0 99.00 99.00 99.00 999 9999.0 999.0   8.8 999.0 99.0 99.00
2004 11 22 03 999 99.0 99.0 99.00 99.00 99.00 999 9999.0 999.0   8.8 999.0 99.0 99.00
2004 11 22 05 999 99.0 99.0 99.00 99.00 99.00 999 9999.0 999.0   8.8 999.0 99.0 99.00
2004 11 22 06 999 99.0 99.0 99.00 99.00 99.00 999 9999.0 999.0   8.7 999.0 99.0 99.00
2004 11 22 07 999 99.0 99.0 99.00 99.00 99.00 999 9999.0 999.0   8.6 999.0 99.0 99.00
2004 11 22 08 999 99.0 99.0 99.00 99.00 99.00 999 9999.0 999.0   8.9 999.0 99.0 99.00
2004 11 22 09 999 99.0 99.0 99.00 99.00 99.00 999 9999.0 999.0   8.9 999.0 99.0 99.00
2004 11 22 12 999 99.0 99.0 99.00 99.00 99.00 999 9999.0 999.0   8.7 999.0 99.0 99.00
2004 11 22 13 999 99.0 99.0 99.00 99.00 99.00 999 9999.0 999.0   8.7 999.0 99.0 99.00
2004 11 22 14 999 99.0 99.0 99.00 99.00 99.00 999 9999.0 999.0   8.8 999.0 99.0 99.00
2004 11 22 15 999 99.0 99.0 99.00 99.00 99.00 999 9999.0 999.0   8.7 999.0 99.0 99.00
2004 11 22 16 999 99.0 99.0 99.00 99.00 99.00 999 9999.0 999.0   8.7 999.0 99.0 99.00
2004 11 22 17 999 99.0 99.0 99.00 99.00 99.00 999 9999.0 999.0   8.8 999.0 99.0 99.00
2004 11 22 18 999 99.0 99.0 99.00 99.00 99.00 999 9999.0 999.0   8.7 999.0 99.0 99.00
2004 11 22 19 999 99.0 99.0 99.00 99.00 99.00 999 9999.0 999.0   8.7 999.0 99.0 99.00
2004 11 22 20 999 99.0 99.0 99.00 99.00 99.00 999 9999.0 999.0   8.7 999.0 99.0 99.00
2004 11 22 21 999 99.0 99.0 99.00 99.00 99.00 999 9999.0 999.0   8.9 999.0 99.0 99.00
2004 11 22 22 999 99.0 99.0 99.00 99.00 99.00 999 9999.0 999.0   8.9 999.0 99.0 99.00
2004 11 22 23 999 99.0 99.0 99.00 99.00 99.00 999 9999.0 999.0   8.8 999.0 99.0 99.00
2004 11 23 00 999 99.0 99.0 99.00 99.00 99.00 999 9999.0 999.0   8.8 999.0 99.0 99.00
2004 11 23 01 999 99.0 99.0 99.00 99.00 99.00 999 9999.0 999.0   8.7 999.0 99.0 99.00
2004 11 23 02 999 99.0 99.0 99.00 99.00 99.00 999 9999.0 999.0   8.8 999.0 99.0 99.00
2004 11 23 03 999 99.0 99.0 99.00 99.00 99.00 999 9999.0 999.0   8.8 999.0 99.0 99.00
2004 11 23 04 999 99.0 99.0 99.00 99.00 99.00 999 9999.0 999.0   8.8 999.0 99.0 99.00
2004 11 23 05 999 99.0 99.0 99.00 99.00 99.00 999 9999.0 999.0   8.8 999.0 99.0 99.00
2004 11 23 06 999 99.0 99.0 99.00 99.00 99.00 999 9999.0 999.0   8.9 999.0 99.0 99.00
2004 11 23 07 999 99.0 99.0 99.00 99.00 99.00 999 9999.0 999.0   8.7 999.0 99.0 99.00
2004 11 23 08 999 99.0 99.0 99.00 99.00 99.00 999 9999.0 999.0   9.0 999.0 99.0 99.00
2004 11 23 09 999 99.0 99.0 99.00 99.00 99.00 999 9999.0 999.0   8.9 999.0 99.0 99.00
2004 11 23 10 999 99.0 99.0 99.00 99.00 99.00 999 9999.0 999.0   8.7 999.0 99.0 99.00
2004 11 23 11 999 99.0 99.0 99.00 99.00 99.00 999 9999.0 999.0   8.9 999.0 99.0 99.00
2004 11 23 12 999 99.0 99.0 99.00 99.00 99.00 999 9999.0 999.0   8.6 999.0 99.0 99.00
2004 11 23 19 999 99.0 99.0 99.00 99.00 99.00 999 9999.0 999.0   8.8 999.0 99.0 99.00
2004 11 23 21 999 99.0 99.0 99.00 99.00 99.00 999 9999.0 999.0   8.8 999.0 99.0 99.00
2004 11 23 22 999 99.0 99.0 99.00 99.00 99.00 999 9999.0 999.0   8.8 999.0 99.0 99.00
2004 11 23 23 999 99.0 99.0 99.00 99.00 99.00 999 9999.0 999.0   9.0 999.0 99.0 99.00
2004 11 24 00 999 99.0 99.0 99.00 99.00 99.00 999 9999.0 999.0   8.9 999.0 99.0 99.00
2004 11 24 01 999 99.0 99.0 99.00 99.00 99.00 999 9999.0 999.0   9.0 999.0 99.0 99.00
2004 11 24 02 999 99.0 99.0 99.00 99.00 99.00 999 9999.0 999.0   8.8 999.0 99.0 99.00
2004 11 24 03 999 99.0 99.0 99.00 99.00 99.00 999 9999.0 999.0   8.9 999.0 99.0 99.00
2004 11 24 04 999 99.0 99.0 99.00 99.00 99.00 999 9999.0 999.0   8.9 999.0 99.0 99.00
2004 11 24 05 999 99.0 99.0 99.00 99.00 99.00 999 9999.0 999.0   8.9 999.0 99.0 99.00
2004 11 24 06 999 99.0 99.0 99.00 99.00 99.00 999 9999.0 999.0   8.9 999.0 99.0 99.00
2004 11 24 07 999 99.0 99.0 99.00 99.00 99.00 999 9999.0 999.0   8.9 999.0 99.0 99.00
2004 11 24 08 999 99.0 99.0 99.00 99.00 99.00 999 9999.0 999.0   8.9 999.0 99.0 99.00
2004 11 24 09 999 99.0 99.0 99.00 99.00 99.00 999 9999.0 999.0   8.9 999.0 99.0 99.00
2004 11 24 11 999 99.0 99.0 99.00 99.00 99.00 999 9999.0 999.0   8.8 999.0 99.0 99.00
2004 11 24 12 999 99.0 99.0 99.00 99.00 99.00 999 9999.0 999.0   8.8 999.0 99.0 99.00
2004 11 24 13 999 99.0 99.0 99.00 99.00 99.00 999 9999.0 999.0   8.6 999.0 99.0 99.00
2004 11 24 14 999 99.0 99.0 99.00 99.00 99.00 999 9999.0 999.0   8.8 999.0 99.0 99.00
2004 11 24 15 999 99.0 99.0 99.00 99.00 99.00 999 9999.0 999.0   8.8 999.0 99.0 99.00
2004 11 24 16 999 99.0 99.0 99.00 99.00 99.00 999 9999.0 999.0   8.7 999.0 99.0 99.00
2004 11 24 17 999 99.0 99.0 99.00 99.00 99.00 999 9999.0 999.0   8.8 999.0 99.0 99.00
2004 11 24 18 999 99.0 99.0 99.00 99.00 99.00 999 9999.0 999.0   8.8 999.0 99.0 99.00
2004 11 24 19 999 99.0 99.0 99.00 99.00 99.00 999 9999.0 999.0   8.7 999.0 99.0 99.00
2004 11 24 20 999 99.0 99.0 99.00 99.00 99.00 999 9999.0 999.0   8.6 999.0 99.0 99.00
2004 11 24 22 999 99.0 99.0 99.00 99.00 99.00 999 9999.0 999.0   8.9 999.0 99.0 99.00
2004 11 24 23 999 99.0 99.0 99.00 99.00 99.00 999 9999.0 999.0   8.9 999.0 99.0 99.00
2004 11 25 00 999 99.0 99.0 99.00 99.00 99.00 999 9999.0 999.0   8.9 999.0 99.0 99.00
2004 11 25 01 999 99.0 99.0 99.00 99.00 99.00 999 9999.0 999.0   9.0 999.0 99.0 99.00
2004 11 25 02 999 99.0 99.0 99.00 99.00 99.00 999 9999.0 999.0   9.0 999.0 99.0 99.00
2004 11 25 04 999 99.0 99.0 99.00 99.00 99.00 999 9999.0 999.0   9.1 999.0 99.0 99.00
2004 11 25 05 999 99.0 99.0 99.00 99.00 99.00 999 9999.0 999.0   9.0 999.0 99.0 99.00
2004 11 25 06 999 99.0 99.0 99.00 99.00 99.00 999 9999.0 999.0   9.1 999.0 99.0 99.00
2004 11 25 07 999 99.0 99.0 99.00 99.00 99.00 999 9999.0 999.0   9.2 999.0 99.0 99.00
2004 11 25 08 999 99.0 99.0 99.00 99.00 99.00 999 9999.0 999.0   9.1 999.0 99.0 99.00
2004 11 25 09 999 99.0 99.0 99.00 99.00 99.00 999 9999.0 999.0   9.4 999.0 99.0 99.00
2004 11 25 10 999 99.0 99.0 99.00 99.00 99.00 999 9999.0 999.0   9.4 999.0 99.0 99.00
2004 11 25 11 999 99.0 99.0 99.00 99.00 99.00 999 9999.0 999.0   9.4 999.0 99.0 99.00
2004 11 25 12 999 99.0 99.0 99.00 99.00 99.00 999 9999.0 999.0   9.2 999.0 99.0 99.00
2004 11 25 13 999 99.0 99.0 99.00 99.00 99.00 999 9999.0 999.0   9.4 999.0 99.0 99.00
2004 11 25 14 999 99.0 99.0 99.00 99.00 99.00 999 9999.0 999.0   9.5 999.0 99.0 99.00
2004 11 25 15 999 99.0 99.0 99.00 99.00 99.00 999 9999.0 999.0   9.6 999.0 99.0 99.00
2004 11 25 16 999 99.0 99.0 99.00 99.00 99.00 999 9999.0 999.0   9.7 999.0 99.0 99.00
2004 11 25 17 999 99.0 99.0 99.00 99.00 99.00 999 9999.0 999.0   9.4 999.0 99.0 99.00
2004 11 25 18 999 99.0 99.0 99.00 99.00 99.00 999 9999.0 999.0   9.5 999.0 99.0 99.00
2004 11 25 19 999 99.0 99.0 99.00 99.00 99.00 999 9999.0 999.0   9.6 999.0 99.0 99.00
2004 11 25 20 999 99.0 99.0 99.00 99.00 99.00 999 9999.0 999.0   9.4 999.0 99.0 99.00
2004 11 25 21 999 99.0 99.0 99.00 99.00 99.00 999 9999.0 999.0   9.7 999.0 99.0 99.00
2004 11 25 22 999 99.0 99.0 99.00 99.00 99.00 999 9999.0 999.0   9.6 999.0 99.0 99.00
2004 11 25 23 999 99.0 99.0 99.00 99.00 99.00 999 9999.0 999.0   9.6 999.0 99.0 99.00
2004 11 26 00 999 99.0 99.0 99.00 99.00 99.00 999 9999.0 999.0   9.5 999.0 99.0 99.00
2004 11 26 01 999 99.0 99.0 99.00 99.00 99.00 999 9999.0 999.0   9.8 999.0 99.0 99.00
2004 11 26 02 999 99.0 99.0 99.00 99.00 99.00 999 9999.0 999.0   9.8 999.0 99.0 99.00
2004 11 26 03 999 99.0 99.0 99.00 99.00 99.00 999 9999.0 999.0   9.7 999.0 99.0 99.00
2004 11 26 04 999 99.0 99.0 99.00 99.00 99.00 999 9999.0 999.0   9.7 999.0 99.0 99.00
2004 11 26 05 999 99.0 99.0 99.00 99.00 99.00 999 9999.0 999.0   9.6 999.0 99.0 99.00
2004 11 26 06 999 99.0 99.0 99.00 99.00 99.00 999 9999.0 999.0   9.5 999.0 99.0 99.00
2004 11 26 07 999 99.0 99.0 99.00 99.00 99.00 999 9999.0 999.0   9.6 999.0 99.0 99.00
2004 11 26 08 999 99.0 99.0 99.00 99.00 99.00 999 9999.0 999.0   9.5 999.0 99.0 99.00
2004 11 26 09 999 99.0 99.0 99.00 99.00 99.00 999 9999.0 999.0   9.3 999.0 99.0 99.00
2004 11 26 11 999 99.0 99.0 99.00 99.00 99.00 999 9999.0 999.0   9.1 999.0 99.0 99.00
2004 11 26 12 999 99.0 99.0 99.00 99.00 99.00 999 9999.0 999.0   9.2 999.0 99.0 99.00
2004 11 26 13 999 99.0 99.0 99.00 99.00 99.00 999 9999.0 999.0   8.9 999.0 99.0 99.00
2004 11 26 14 999 99.0 99.0 99.00 99.00 99.00 999 9999.0 999.0   9.0 999.0 99.0 99.00
2004 11 26 15 999 99.0 99.0 99.00 99.00 99.00 999 9999.0 999.0   9.2 999.0 99.0 99.00
2004 11 26 16 999 99.0 99.0 99.00 99.00 99.00 999 9999.0 999.0   9.2 999.0 99.0 99.00
2004 11 26 17 999 99.0 99.0 99.00 99.00 99.00 999 9999.0 999.0   9.2 999.0 99.0 99.00
2004 11 26 18 999 99.0 99.0 99.00 99.00 99.00 999 9999.0 999.0   9.2 999.0 99.0 99.00
2004 11 26 19 999 99.0 99.0 99.00 99.00 99.00 999 9999.0 999.0   9.1 999.0 99.0 99.00
2004 11 26 20 999 99.0 99.0 99.00 99.00 99.00 999 9999.0 999.0   9.2 999.0 99.0 99.00
2004 11 26 21 999 99.0 99.0 99.00 99.00 99.00 999 9999.0 999.0   9.1 999.0 99.0 99.00
2004 11 26 22 999 99.0 99.0 99.00 99.00 99.00 999 9999.0 999.0   9.1 999.0 99.0 99.00
2004 11 26 23 999 99.0 99.0 99.00 99.00 99.00 999 9999.0 999.0   9.1 999.0 99.0 99.00
2004 11 27 00 999 99.0 99.0 99.00 99.00 99.00 999 9999.0 999.0   9.0 999.0 99.0 99.00
2004 11 27 01 999 99.0 99.0 99.00 99.00 99.00 999 9999.0 999.0   8.9 999.0 99.0 99.00
2004 11 27 02 999 99.0 99.0 99.00 99.00 99.00 999 9999.0 999.0   8.9 999.0 99.0 99.00
2004 11 27 03 999 99.0 99.0 99.00 99.00 99.00 999 9999.0 999.0   8.8 999.0 99.0 99.00
2004 11 27 04 999 99.0 99.0 99.00 99.00 99.00 999 9999.0 999.0   8.9 999.0 99.0 99.00
2004 11 27 05 999 99.0 99.0 99.00 99.00 99.00 999 9999.0 999.0   8.8 999.0 99.0 99.00
2004 11 27 06 999 99.0 99.0 99.00 99.00 99.00 999 9999.0 999.0   8.7 999.0 99.0 99.00
2004 11 27 07 999 99.0 99.0 99.00 99.00 99.00 999 9999.0 999.0   8.8 999.0 99.0 99.00
2004 11 27 08 999 99.0 99.0 99.00 99.00 99.00 999 9999.0 999.0   8.8 999.0 99.0 99.00
2004 11 27 09 999 99.0 99.0 99.00 99.00 99.00 999 9999.0 999.0   8.6 999.0 99.0 99.00
2004 11 27 10 999 99.0 99.0 99.00 99.00 99.00 999 9999.0 999.0   8.5 999.0 99.0 99.00
2004 11 27 12 999 99.0 99.0 99.00 99.00 99.00 999 9999.0 999.0   8.7 999.0 99.0 99.00
2004 11 27 13 999 99.0 99.0 99.00 99.00 99.00 999 9999.0 999.0   8.6 999.0 99.0 99.00
2004 11 27 15 999 99.0 99.0 99.00 99.00 99.00 999 9999.0 999.0   8.6 999.0 99.0 99.00
2004 11 27 16 999 99.0 99.0 99.00 99.00 99.00 999 9999.0 999.0   8.8 999.0 99.0 99.00
2004 11 27 17 999 99.0 99.0 99.00 99.00 99.00 999 9999.0 999.0   8.8 999.0 99.0 99.00
2004 11 27 18 999 99.0 99.0 99.00 99.00 99.00 999 9999.0 999.0   8.6 999.0 99.0 99.00
2004 11 27 19 999 99.0 99.0 99.00 99.00 99.00 999 9999.0 999.0   8.8 999.0 99.0 99.00
2004 11 27 20 999 99.0 99.0 99.00 99.00 99.00 999 9999.0 999.0   8.7 999.0 99.0 99.00
2004 11 27 21 999 99.0 99.0 99.00 99.00 99.00 999 9999.0 999.0   8.8 999.0 99.0 99.00
2004 11 27 22 999 99.0 99.0 99.00 99.00 99.00 999 9999.0 999.0   8.9 999.0 99.0 99.00
2004 11 27 23 999 99.0 99.0 99.00 99.00 99.00 999 9999.0 999.0   8.9 999.0 99.0 99.00
2004 11 28 00 999 99.0 99.0 99.00 99.00 99.00 999 9999.0 999.0   8.7 999.0 99.0 99.00
2004 11 28 01 999 99.0 99.0 99.00 99.00 99.00 999 9999.0 999.0   8.8 999.0 99.0 99.00
2004 11 28 02 999 99.0 99.0 99.00 99.00 99.00 999 9999.0 999.0   8.8 999.0 99.0 99.00
2004 11 28 03 999 99.0 99.0 99.00 99.00 99.00 999 9999.0 999.0   8.7 999.0 99.0 99.00
2004 11 28 04 999 99.0 99.0 99.00 99.00 99.00 999 9999.0 999.0   8.7 999.0 99.0 99.00
2004 11 28 05 999 99.0 99.0 99.00 99.00 99.00 999 9999.0 999.0   8.8 999.0 99.0 99.00
2004 11 28 06 999 99.0 99.0 99.00 99.00 99.00 999 9999.0 999.0   8.6 999.0 99.0 99.00
2004 11 28 07 999 99.0 99.0 99.00 99.00 99.00 999 9999.0 999.0   8.6 999.0 99.0 99.00
2004 11 28 08 999 99.0 99.0 99.00 99.00 99.00 999 9999.0 999.0   8.6 999.0 99.0 99.00
2004 11 28 09 999 99.0 99.0 99.00 99.00 99.00 999 9999.0 999.0   8.6 999.0 99.0 99.00
2004 11 28 10 999 99.0 99.0 99.00 99.00 99.00 999 9999.0 999.0   8.6 999.0 99.0 99.00
2004 11 28 11 999 99.0 99.0 99.00 99.00 99.00 999 9999.0 999.0   8.6 999.0 99.0 99.00
2004 11 28 12 999 99.0 99.0 99.00 99.00 99.00 999 9999.0 999.0   8.5 999.0 99.0 99.00
2004 11 28 14 999 99.0 99.0 99.00 99.00 99.00 999 9999.0 999.0   8.6 999.0 99.0 99.00
2004 11 28 15 999 99.0 99.0 99.00 99.00 99.00 999 9999.0 999.0   8.6 999.0 99.0 99.00
2004 11 28 16 999 99.0 99.0 99.00 99.00 99.00 999 9999.0 999.0   8.6 999.0 99.0 99.00
2004 11 28 17 999 99.0 99.0 99.00 99.00 99.00 999 9999.0 999.0   8.7 999.0 99.0 99.00
2004 11 28 18 999 99.0 99.0 99.00 99.00 99.00 999 9999.0 999.0   8.6 999.0 99.0 99.00
2004 11 28 19 999 99.0 99.0 99.00 99.00 99.00 999 9999.0 999.0   8.4 999.0 99.0 99.00
2004 11 28 20 999 99.0 99.0 99.00 99.00 99.00 999 9999.0 999.0   8.7 999.0 99.0 99.00
2004 11 28 21 999 99.0 99.0 99.00 99.00 99.00 999 9999.0 999.0   8.6 999.0 99.0 99.00
2004 11 28 22 999 99.0 99.0 99.00 99.00 99.00 999 9999.0 999.0   8.7 999.0 99.0 99.00
2004 11 28 23 999 99.0 99.0 99.00 99.00 99.00 999 9999.0 999.0   8.5 999.0 99.0 99.00
2004 11 29 00 999 99.0 99.0 99.00 99.00 99.00 999 9999.0 999.0   8.6 999.0 99.0 99.00
2004 11 29 01 999 99.0 99.0 99.00 99.00 99.00 999 9999.0 999.0   8.4 999.0 99.0 99.00
2004 11 29 02 999 99.0 99.0 99.00 99.00 99.00 999 9999.0 999.0   8.6 999.0 99.0 99.00
2004 11 29 04 999 99.0 99.0 99.00 99.00 99.00 999 9999.0 999.0   8.7 999.0 99.0 99.00
2004 11 29 05 999 99.0 99.0 99.00 99.00 99.00 999 9999.0 999.0   8.7 999.0 99.0 99.00
2004 11 29 06 999 99.0 99.0 99.00 99.00 99.00 999 9999.0 999.0   8.7 999.0 99.0 99.00
2004 11 29 07 999 99.0 99.0 99.00 99.00 99.00 999 9999.0 999.0   9.0 999.0 99.0 99.00
2004 11 29 08 999 99.0 99.0 99.00 99.00 99.00 999 9999.0 999.0   8.9 999.0 99.0 99.00
2004 11 29 09 999 99.0 99.0 99.00 99.00 99.00 999 9999.0 999.0   8.9 999.0 99.0 99.00
2004 11 29 10 999 99.0 99.0 99.00 99.00 99.00 999 9999.0 999.0   8.6 999.0 99.0 99.00
2004 11 29 11 999 99.0 99.0 99.00 99.00 99.00 999 9999.0 999.0   8.8 999.0 99.0 99.00
2004 11 29 12 999 99.0 99.0 99.00 99.00 99.00 999 9999.0 999.0   8.7 999.0 99.0 99.00
2004 11 29 13 999 99.0 99.0 99.00 99.00 99.00 999 9999.0 999.0   8.5 999.0 99.0 99.00
2004 11 29 14 999 99.0 99.0 99.00 99.00 99.00 999 9999.0 999.0   8.7 999.0 99.0 99.00
2004 11 29 15 999 99.0 99.0 99.00 99.00 99.00 999 9999.0 999.0   8.5 999.0 99.0 99.00
2004 11 29 16 999 99.0 99.0 99.00 99.00 99.00 999 9999.0 999.0   8.6 999.0 99.0 99.00
2004 11 29 17 999 99.0 99.0 99.00 99.00 99.00 999 9999.0 999.0   8.6 999.0 99.0 99.00
2004 11 29 18 999 99.0 99.0 99.00 99.00 99.00 999 9999.0 999.0   8.6 999.0 99.0 99.00
2004 11 29 19 999 99.0 99.0 99.00 99.00 99.00 999 9999.0 999.0   8.6 999.0 99.0 99.00
2004 11 29 20 999 99.0 99.0 99.00 99.00 99.00 999 9999.0 999.0   8.6 999.0 99.0 99.00
2004 11 29 21 999 99.0 99.0 99.00 99.00 99.00 999 9999.0 999.0   8.8 999.0 99.0 99.00
2004 11 29 22 999 99.0 99.0 99.00 99.00 99.00 999 9999.0 999.0   8.8 999.0 99.0 99.00
2004 11 29 23 999 99.0 99.0 99.00 99.00 99.00 999 9999.0 999.0   8.8 999.0 99.0 99.00
2004 11 30 00 999 99.0 99.0 99.00 99.00 99.00 999 9999.0 999.0   8.8 999.0 99.0 99.00
2004 11 30 01 999 99.0 99.0 99.00 99.00 99.00 999 9999.0 999.0   8.8 999.0 99.0 99.00
2004 11 30 02 999 99.0 99.0 99.00 99.00 99.00 999 9999.0 999.0   8.7 999.0 99.0 99.00
2004 11 30 04 999 99.0 99.0 99.00 99.00 99.00 999 9999.0 999.0   8.5 999.0 99.0 99.00
2004 11 30 05 999 99.0 99.0 99.00 99.00 99.00 999 9999.0 999.0   8.5 999.0 99.0 99.00
2004 11 30 06 999 99.0 99.0 99.00 99.00 99.00 999 9999.0 999.0   8.5 999.0 99.0 99.00
2004 11 30 07 999 99.0 99.0 99.00 99.00 99.00 999 9999.0 999.0   8.7 999.0 99.0 99.00
2004 11 30 08 999 99.0 99.0 99.00 99.00 99.00 999 9999.0 999.0   8.7 999.0 99.0 99.00
2004 11 30 09 999 99.0 99.0 99.00 99.00 99.00 999 9999.0 999.0   8.5 999.0 99.0 99.00
2004 11 30 10 999 99.0 99.0 99.00 99.00 99.00 999 9999.0 999.0   8.5 999.0 99.0 99.00
2004 11 30 11 999 99.0 99.0 99.00 99.00 99.00 999 9999.0 999.0   8.5 999.0 99.0 99.00
2004 11 30 12 999 99.0 99.0 99.00 99.00 99.00 999 9999.0 999.0   8.6 999.0 99.0 99.00
2004 11 30 13 999 99.0 99.0 99.00 99.00 99.00 999 9999.0 999.0   8.5 999.0 99.0 99.00
2004 11 30 14 999 99.0 99.0 99.00 99.00 99.00 999 9999.0 999.0   8.4 999.0 99.0 99.00
2004 11 30 15 999 99.0 99.0 99.00 99.00 99.00 999 9999.0 999.0   8.6 999.0 99.0 99.00
2004 11 30 16 999 99.0 99.0 99.00 99.00 99.00 999 9999.0 999.0   8.5 999.0 99.0 99.00
2004 11 30 17 999 99.0 99.0 99.00 99.00 99.00 999 9999.0 999.0   8.6 999.0 99.0 99.00
2004 11 30 18 999 99.0 99.0 99.00 99.00 99.00 999 9999.0 999.0   8.5 999.0 99.0 99.00
2004 11 30 19 999 99.0 99.0 99.00 99.00 99.00 999 9999.0 999.0   8.6 999.0 99.0 99.00
2004 11 30 20 999 99.0 99.0 99.00 99.00 99.00 999 9999.0 999.0   8.5 999.0 99.0 99.00
2004 11 30 21 999 99.0 99.0 99.00 99.00 99.00 999 9999.0 999.0   8.5 999.0 99.0 99.00
2004 11 30 22 999 99.0 99.0 99.00 99.00 99.00 999 9999.0 999.0   8.6 999.0 99.0 99.00
2004 12 01 00 999 99.0 99.0 99.00 99.00 99.00 999 9999.0 999.0   8.6 999.0 99.0 99.00
2004 12 01 01 999 99.0 99.0 99.00 99.00 99.00 999 9999.0 999.0   8.6 999.0 99.0 99.00
2004 12 01 04 999 99.0 99.0 99.00 99.00 99.00 999 9999.0 999.0   8.5 999.0 99.0 99.00
2004 12 01 05 999 99.0 99.0 99.00 99.00 99.00 999 9999.0 999.0   8.6 999.0 99.0 99.00
2004 12 01 06 999 99.0 99.0 99.00 99.00 99.00 999 9999.0 999.0   8.6 999.0 99.0 99.00
2004 12 01 07 999 99.0 99.0 99.00 99.00 99.00 999 9999.0 999.0   8.5 999.0 99.0 99.00
2004 12 01 08 999 99.0 99.0 99.00 99.00 99.00 999 9999.0 999.0   8.4 999.0 99.0 99.00
2004 12 01 09 999 99.0 99.0 99.00 99.00 99.00 999 9999.0 999.0   8.4 999.0 99.0 99.00
2004 12 01 11 999 99.0 99.0 99.00 99.00 99.00 999 9999.0 999.0   8.5 999.0 99.0 99.00
2004 12 01 12 999 99.0 99.0 99.00 99.00 99.00 999 9999.0 999.0   8.6 999.0 99.0 99.00
2004 12 01 13 999 99.0 99.0 99.00 99.00 99.00 999 9999.0 999.0   8.5 999.0 99.0 99.00
2004 12 01 14 999 99.0 99.0 99.00 99.00 99.00 999 9999.0 999.0   8.6 999.0 99.0 99.00
2004 12 01 15 999 99.0 99.0 99.00 99.00 99.00 999 9999.0 999.0   8.6 999.0 99.0 99.00
2004 12 01 16 999 99.0 99.0 99.00 99.00 99.00 999 9999.0 999.0   8.6 999.0 99.0 99.00
2004 12 01 17 999 99.0 99.0 99.00 99.00 99.00 999 9999.0 999.0   8.7 999.0 99.0 99.00
2004 12 01 18 999 99.0 99.0 99.00 99.00 99.00 999 9999.0 999.0   8.6 999.0 99.0 99.00
2004 12 01 19 999 99.0 99.0 99.00 99.00 99.00 999 9999.0 999.0   8.7 999.0 99.0 99.00
2004 12 01 20 999 99.0 99.0 99.00 99.00 99.00 999 9999.0 999.0   8.9 999.0 99.0 99.00
2004 12 01 21 999 99.0 99.0 99.00 99.00 99.00 999 9999.0 999.0   8.9 999.0 99.0 99.00
2004 12 01 22 999 99.0 99.0 99.00 99.00 99.00 999 9999.0 999.0   8.8 999.0 99.0 99.00
2004 12 01 23 999 99.0 99.0 99.00 99.00 99.00 999 9999.0 999.0   8.8 999.0 99.0 99.00
2004 12 02 01 999 99.0 99.0 99.00 99.00 99.00 999 9999.0 999.0   8.7 999.0 99.0 99.00
2004 12 02 02 999 99.0 99.0 99.00 99.00 99.00 999 9999.0 999.0   8.8 999.0 99.0 99.00
2004 12 02 03 999 99.0 99.0 99.00 99.00 99.00 999 9999.0 999.0   8.8 999.0 99.0 99.00
2004 12 02 05 999 99.0 99.0 99.00 99.00 99.00 999 9999.0 999.0   8.8 999.0 99.0 99.00
2004 12 02 06 999 99.0 99.0 99.00 99.00 99.00 999 9999.0 999.0   8.8 999.0 99.0 99.00
2004 12 02 07 999 99.0 99.0 99.00 99.00 99.00 999 9999.0 999.0   8.5 999.0 99.0 99.00
2004 12 02 08 999 99.0 99.0 99.00 99.00 99.00 999 9999.0 999.0   8.8 999.0 99.0 99.00
2004 12 02 09 999 99.0 99.0 99.00 99.00 99.00 999 9999.0 999.0   8.5 999.0 99.0 99.00
2004 12 02 10 999 99.0 99.0 99.00 99.00 99.00 999 9999.0 999.0   8.5 999.0 99.0 99.00
2004 12 02 11 999 99.0 99.0 99.00 99.00 99.00 999 9999.0 999.0   8.6 999.0 99.0 99.00
2004 12 02 12 999 99.0 99.0 99.00 99.00 99.00 999 9999.0 999.0   8.3 999.0 99.0 99.00
2004 12 02 13 999 99.0 99.0 99.00 99.00 99.00 999 9999.0 999.0   8.3 999.0 99.0 99.00
2004 12 02 14 999 99.0 99.0 99.00 99.00 99.00 999 9999.0 999.0   8.3 999.0 99.0 99.00
2004 12 02 15 999 99.0 99.0 99.00 99.00 99.00 999 9999.0 999.0   8.5 999.0 99.0 99.00
2004 12 02 16 999 99.0 99.0 99.00 99.00 99.00 999 9999.0 999.0   8.4 999.0 99.0 99.00
2004 12 02 17 999 99.0 99.0 99.00 99.00 99.00 999 9999.0 999.0   8.4 999.0 99.0 99.00
2004 12 02 18 999 99.0 99.0 99.00 99.00 99.00 999 9999.0 999.0   8.3 999.0 99.0 99.00
2004 12 02 19 999 99.0 99.0 99.00 99.00 99.00 999 9999.0 999.0   8.5 999.0 99.0 99.00
2004 12 02 20 999 99.0 99.0 99.00 99.00 99.00 999 9999.0 999.0   8.4 999.0 99.0 99.00
2004 12 02 21 999 99.0 99.0 99.00 99.00 99.00 999 9999.0 999.0   8.5 999.0 99.0 99.00
2004 12 02 22 999 99.0 99.0 99.00 99.00 99.00 999 9999.0 999.0   8.6 999.0 99.0 99.00
2004 12 02 23 999 99.0 99.0 99.00 99.00 99.00 999 9999.0 999.0   8.6 999.0 99.0 99.00
2004 12 03 00 999 99.0 99.0 99.00 99.00 99.00 999 9999.0 999.0   8.6 999.0 99.0 99.00
2004 12 03 01 999 99.0 99.0 99.00 99.00 99.00 999 9999.0 999.0   8.6 999.0 99.0 99.00
2004 12 03 02 999 99.0 99.0 99.00 99.00 99.00 999 9999.0 999.0   8.6 999.0 99.0 99.00
2004 12 03 03 999 99.0 99.0 99.00 99.00 99.00 999 9999.0 999.0   8.6 999.0 99.0 99.00
2004 12 03 04 999 99.0 99.0 99.00 99.00 99.00 999 9999.0 999.0   8.6 999.0 99.0 99.00
2004 12 03 05 999 99.0 99.0 99.00 99.00 99.00 999 9999.0 999.0   8.6 999.0 99.0 99.00
2004 12 03 06 999 99.0 99.0 99.00 99.00 99.00 999 9999.0 999.0   8.5 999.0 99.0 99.00
2004 12 03 07 999 99.0 99.0 99.00 99.00 99.00 999 9999.0 999.0   8.4 999.0 99.0 99.00
2004 12 03 08 999 99.0 99.0 99.00 99.00 99.00 999 9999.0 999.0   8.4 999.0 99.0 99.00
2004 12 03 09 999 99.0 99.0 99.00 99.00 99.00 999 9999.0 999.0   8.5 999.0 99.0 99.00
2004 12 03 10 999 99.0 99.0 99.00 99.00 99.00 999 9999.0 999.0   8.5 999.0 99.0 99.00
2004 12 03 11 999 99.0 99.0 99.00 99.00 99.00 999 9999.0 999.0   8.5 999.0 99.0 99.00
2004 12 03 12 999 99.0 99.0 99.00 99.00 99.00 999 9999.0 999.0   8.4 999.0 99.0 99.00
2004 12 03 13 999 99.0 99.0 99.00 99.00 99.00 999 9999.0 999.0   8.4 999.0 99.0 99.00
2004 12 03 14 999 99.0 99.0 99.00 99.00 99.00 999 9999.0 999.0   8.4 999.0 99.0 99.00
2004 12 03 15 999 99.0 99.0 99.00 99.00 99.00 999 9999.0 999.0   8.5 999.0 99.0 99.00
2004 12 03 16 999 99.0 99.0 99.00 99.00 99.00 999 9999.0 999.0   8.4 999.0 99.0 99.00
2004 12 03 17 999 99.0 99.0 99.00 99.00 99.00 999 9999.0 999.0   8.3 999.0 99.0 99.00
2004 12 03 18 999 99.0 99.0 99.00 99.00 99.00 999 9999.0 999.0   8.5 999.0 99.0 99.00
2004 12 03 19 999 99.0 99.0 99.00 99.00 99.00 999 9999.0 999.0   8.4 999.0 99.0 99.00
2004 12 03 20 999 99.0 99.0 99.00 99.00 99.00 999 9999.0 999.0   8.4 999.0 99.0 99.00
2004 12 03 21 999 99.0 99.0 99.00 99.00 99.00 999 9999.0 999.0   8.4 999.0 99.0 99.00
2004 12 03 22 999 99.0 99.0 99.00 99.00 99.00 999 9999.0 999.0   8.4 999.0 99.0 99.00
2004 12 03 23 999 99.0 99.0 99.00 99.00 99.00 999 9999.0 999.0   8.4 999.0 99.0 99.00
2004 12 04 00 999 99.0 99.0 99.00 99.00 99.00 999 9999.0 999.0   8.3 999.0 99.0 99.00
2004 12 04 01 999 99.0 99.0 99.00 99.00 99.00 999 9999.0 999.0   8.3 999.0 99.0 99.00
2004 12 04 02 999 99.0 99.0 99.00 99.00 99.00 999 9999.0 999.0   8.3 999.0 99.0 99.00
2004 12 04 03 999 99.0 99.0 99.00 99.00 99.00 999 9999.0 999.0   8.2 999.0 99.0 99.00
2004 12 04 04 999 99.0 99.0 99.00 99.00 99.00 999 9999.0 999.0   8.3 999.0 99.0 99.00
2004 12 04 05 999 99.0 99.0 99.00 99.00 99.00 999 9999.0 999.0   8.3 999.0 99.0 99.00
2004 12 04 06 999 99.0 99.0 99.00 99.00 99.00 999 9999.0 999.0   7.8 999.0 99.0 99.00
2004 12 04 07 999 99.0 99.0 99.00 99.00 99.00 999 9999.0 999.0   8.0 999.0 99.0 99.00
2004 12 04 08 999 99.0 99.0 99.00 99.00 99.00 999 9999.0 999.0   8.0 999.0 99.0 99.00
2004 12 04 09 999 99.0 99.0 99.00 99.00 99.00 999 9999.0 999.0   7.8 999.0 99.0 99.00
2004 12 04 10 999 99.0 99.0 99.00 99.00 99.00 999 9999.0 999.0   7.9 999.0 99.0 99.00
2004 12 04 11 999 99.0 99.0 99.00 99.00 99.00 999 9999.0 999.0   7.8 999.0 99.0 99.00
2004 12 04 12 999 99.0 99.0 99.00 99.00 99.00 999 9999.0 999.0   8.0 999.0 99.0 99.00
2004 12 04 13 999 99.0 99.0 99.00 99.00 99.00 999 9999.0 999.0   8.1 999.0 99.0 99.00
2004 12 04 14 999 99.0 99.0 99.00 99.00 99.00 999 9999.0 999.0   7.9 999.0 99.0 99.00
2004 12 04 15 999 99.0 99.0 99.00 99.00 99.00 999 9999.0 999.0   7.7 999.0 99.0 99.00
2004 12 04 16 999 99.0 99.0 99.00 99.00 99.00 999 9999.0 999.0   8.0 999.0 99.0 99.00
2004 12 04 17 999 99.0 99.0 99.00 99.00 99.00 999 9999.0 999.0   7.9 999.0 99.0 99.00
2004 12 04 18 999 99.0 99.0 99.00 99.00 99.00 999 9999.0 999.0   8.1 999.0 99.0 99.00
2004 12 04 19 999 99.0 99.0 99.00 99.00 99.00 999 9999.0 999.0   8.2 999.0 99.0 99.00
2004 12 04 20 999 99.0 99.0 99.00 99.00 99.00 999 9999.0 999.0   8.0 999.0 99.0 99.00
2004 12 04 21 999 99.0 99.0 99.00 99.00 99.00 999 9999.0 999.0   8.0 999.0 99.0 99.00
2004 12 04 22 999 99.0 99.0 99.00 99.00 99.00 999 9999.0 999.0   8.0 999.0 99.0 99.00
2004 12 04 23 999 99.0 99.0 99.00 99.00 99.00 999 9999.0 999.0   7.9 999.0 99.0 99.00
2004 12 05 00 999 99.0 99.0 99.00 99.00 99.00 999 9999.0 999.0   7.9 999.0 99.0 99.00
2004 12 05 01 999 99.0 99.0 99.00 99.00 99.00 999 9999.0 999.0   7.6 999.0 99.0 99.00
2004 12 05 02 999 99.0 99.0 99.00 99.00 99.00 999 9999.0 999.0   7.8 999.0 99.0 99.00
2004 12 05 03 999 99.0 99.0 99.00 99.00 99.00 999 9999.0 999.0   7.7 999.0 99.0 99.00
2004 12 05 04 999 99.0 99.0 99.00 99.00 99.00 999 9999.0 999.0   7.7 999.0 99.0 99.00
2004 12 05 05 999 99.0 99.0 99.00 99.00 99.00 999 9999.0 999.0   7.8 999.0 99.0 99.00
2004 12 05 06 999 99.0 99.0 99.00 99.00 99.00 999 9999.0 999.0   7.7 999.0 99.0 99.00
2004 12 05 07 999 99.0 99.0 99.00 99.00 99.00 999 9999.0 999.0   7.6 999.0 99.0 99.00
2004 12 05 08 999 99.0 99.0 99.00 99.00 99.00 999 9999.0 999.0   7.7 999.0 99.0 99.00
2004 12 05 09 999 99.0 99.0 99.00 99.00 99.00 999 9999.0 999.0   7.8 999.0 99.0 99.00
2004 12 05 10 999 99.0 99.0 99.00 99.00 99.00 999 9999.0 999.0   7.7 999.0 99.0 99.00
2004 12 05 11 999 99.0 99.0 99.00 99.00 99.00 999 9999.0 999.0   7.7 999.0 99.0 99.00
2004 12 05 12 999 99.0 99.0 99.00 99.00 99.00 999 9999.0 999.0   7.5 999.0 99.0 99.00
2004 12 05 13 999 99.0 99.0 99.00 99.00 99.00 999 9999.0 999.0   7.7 999.0 99.0 99.00
2004 12 05 14 999 99.0 99.0 99.00 99.00 99.00 999 9999.0 999.0   7.6 999.0 99.0 99.00
2004 12 05 15 999 99.0 99.0 99.00 99.00 99.00 999 9999.0 999.0   7.4 999.0 99.0 99.00
2004 12 05 16 999 99.0 99.0 99.00 99.00 99.00 999 9999.0 999.0   7.7 999.0 99.0 99.00
2004 12 05 18 999 99.0 99.0 99.00 99.00 99.00 999 9999.0 999.0   7.8 999.0 99.0 99.00
2004 12 05 19 999 99.0 99.0 99.00 99.00 99.00 999 9999.0 999.0   7.9 999.0 99.0 99.00
2004 12 05 20 999 99.0 99.0 99.00 99.00 99.00 999 9999.0 999.0   7.8 999.0 99.0 99.00
2004 12 05 21 999 99.0 99.0 99.00 99.00 99.00 999 9999.0 999.0   7.9 999.0 99.0 99.00
2004 12 05 22 999 99.0 99.0 99.00 99.00 99.00 999 9999.0 999.0   7.8 999.0 99.0 99.00
2004 12 05 23 999 99.0 99.0 99.00 99.00 99.00 999 9999.0 999.0   7.9 999.0 99.0 99.00
2004 12 06 00 999 99.0 99.0 99.00 99.00 99.00 999 9999.0 999.0   8.0 999.0 99.0 99.00
2004 12 06 01 999 99.0 99.0 99.00 99.00 99.00 999 9999.0 999.0   7.9 999.0 99.0 99.00
2004 12 06 02 999 99.0 99.0 99.00 99.00 99.00 999 9999.0 999.0   8.0 999.0 99.0 99.00
2004 12 06 03 999 99.0 99.0 99.00 99.00 99.00 999 9999.0 999.0   8.0 999.0 99.0 99.00
2004 12 06 04 999 99.0 99.0 99.00 99.00 99.00 999 9999.0 999.0   8.0 999.0 99.0 99.00
2004 12 06 05 999 99.0 99.0 99.00 99.00 99.00 999 9999.0 999.0   8.1 999.0 99.0 99.00
2004 12 06 06 999 99.0 99.0 99.00 99.00 99.00 999 9999.0 999.0   7.9 999.0 99.0 99.00
2004 12 06 07 999 99.0 99.0 99.00 99.00 99.00 999 9999.0 999.0   7.9 999.0 99.0 99.00
2004 12 06 08 999 99.0 99.0 99.00 99.00 99.00 999 9999.0 999.0   7.7 999.0 99.0 99.00
2004 12 06 09 999 99.0 99.0 99.00 99.00 99.00 999 9999.0 999.0   7.8 999.0 99.0 99.00
2004 12 06 10 999 99.0 99.0 99.00 99.00 99.00 999 9999.0 999.0   7.8 999.0 99.0 99.00
2004 12 06 11 999 99.0 99.0 99.00 99.00 99.00 999 9999.0 999.0   7.6 999.0 99.0 99.00
2004 12 06 12 999 99.0 99.0 99.00 99.00 99.00 999 9999.0 999.0   7.5 999.0 99.0 99.00
2004 12 06 13 999 99.0 99.0 99.00 99.00 99.00 999 9999.0 999.0   7.7 999.0 99.0 99.00
2004 12 06 15 999 99.0 99.0 99.00 99.00 99.00 999 9999.0 999.0   7.5 999.0 99.0 99.00
2004 12 06 16 999 99.0 99.0 99.00 99.00 99.00 999 9999.0 999.0   7.6 999.0 99.0 99.00
2004 12 06 17 999 99.0 99.0 99.00 99.00 99.00 999 9999.0 999.0   7.5 999.0 99.0 99.00
2004 12 06 18 999 99.0 99.0 99.00 99.00 99.00 999 9999.0 999.0   7.7 999.0 99.0 99.00
2004 12 06 19 999 99.0 99.0 99.00 99.00 99.00 999 9999.0 999.0   7.5 999.0 99.0 99.00
2004 12 06 20 999 99.0 99.0 99.00 99.00 99.00 999 9999.0 999.0   7.6 999.0 99.0 99.00
2004 12 06 21 999 99.0 99.0 99.00 99.00 99.00 999 9999.0 999.0   7.4 999.0 99.0 99.00
2004 12 06 22 999 99.0 99.0 99.00 99.00 99.00 999 9999.0 999.0   7.3 999.0 99.0 99.00
2004 12 06 23 999 99.0 99.0 99.00 99.00 99.00 999 9999.0 999.0   7.4 999.0 99.0 99.00
2004 12 07 00 999 99.0 99.0 99.00 99.00 99.00 999 9999.0 999.0   7.3 999.0 99.0 99.00
2004 12 07 01 999 99.0 99.0 99.00 99.00 99.00 999 9999.0 999.0   7.3 999.0 99.0 99.00
2004 12 07 02 999 99.0 99.0 99.00 99.00 99.00 999 9999.0 999.0   7.2 999.0 99.0 99.00
2004 12 07 03 999 99.0 99.0 99.00 99.00 99.00 999 9999.0 999.0   7.2 999.0 99.0 99.00
2004 12 07 04 999 99.0 99.0 99.00 99.00 99.00 999 9999.0 999.0   7.1 999.0 99.0 99.00
2004 12 07 05 999 99.0 99.0 99.00 99.00 99.00 999 9999.0 999.0   7.5 999.0 99.0 99.00
2004 12 07 06 999 99.0 99.0 99.00 99.00 99.00 999 9999.0 999.0   7.5 999.0 99.0 99.00
2004 12 07 07 999 99.0 99.0 99.00 99.00 99.00 999 9999.0 999.0   7.3 999.0 99.0 99.00
2004 12 07 08 999 99.0 99.0 99.00 99.00 99.00 999 9999.0 999.0   7.3 999.0 99.0 99.00
2004 12 07 09 999 99.0 99.0 99.00 99.00 99.00 999 9999.0 999.0   7.4 999.0 99.0 99.00
2004 12 07 10 999 99.0 99.0 99.00 99.00 99.00 999 9999.0 999.0   7.3 999.0 99.0 99.00
2004 12 07 11 999 99.0 99.0 99.00 99.00 99.00 999 9999.0 999.0   7.3 999.0 99.0 99.00
2004 12 07 12 999 99.0 99.0 99.00 99.00 99.00 999 9999.0 999.0   7.2 999.0 99.0 99.00
2004 12 07 13 999 99.0 99.0 99.00 99.00 99.00 999 9999.0 999.0   7.2 999.0 99.0 99.00
2004 12 07 14 999 99.0 99.0 99.00 99.00 99.00 999 9999.0 999.0   7.2 999.0 99.0 99.00
2004 12 07 15 999 99.0 99.0 99.00 99.00 99.00 999 9999.0 999.0   7.2 999.0 99.0 99.00
2004 12 07 16 999 99.0 99.0 99.00 99.00 99.00 999 9999.0 999.0   7.2 999.0 99.0 99.00
2004 12 07 17 999 99.0 99.0 99.00 99.00 99.00 999 9999.0 999.0   7.2 999.0 99.0 99.00
2004 12 07 18 999 99.0 99.0 99.00 99.00 99.00 999 9999.0 999.0   7.3 999.0 99.0 99.00
2004 12 07 19 999 99.0 99.0 99.00 99.00 99.00 999 9999.0 999.0   7.1 999.0 99.0 99.00
2004 12 07 20 999 99.0 99.0 99.00 99.00 99.00 999 9999.0 999.0   7.3 999.0 99.0 99.00
2004 12 07 21 999 99.0 99.0 99.00 99.00 99.00 999 9999.0 999.0   7.2 999.0 99.0 99.00
2004 12 07 22 999 99.0 99.0 99.00 99.00 99.00 999 9999.0 999.0   7.2 999.0 99.0 99.00
2004 12 07 23 999 99.0 99.0 99.00 99.00 99.00 999 9999.0 999.0   7.2 999.0 99.0 99.00
2004 12 08 00 999 99.0 99.0 99.00 99.00 99.00 999 9999.0 999.0   7.1 999.0 99.0 99.00
2004 12 08 01 999 99.0 99.0 99.00 99.00 99.00 999 9999.0 999.0   7.2 999.0 99.0 99.00
2004 12 08 02 999 99.0 99.0 99.00 99.00 99.00 999 9999.0 999.0   7.1 999.0 99.0 99.00
2004 12 08 05 999 99.0 99.0 99.00 99.00 99.00 999 9999.0 999.0   7.0 999.0 99.0 99.00
2004 12 08 06 999 99.0 99.0 99.00 99.00 99.00 999 9999.0 999.0   7.0 999.0 99.0 99.00
2004 12 08 07 999 99.0 99.0 99.00 99.00 99.00 999 9999.0 999.0   6.8 999.0 99.0 99.00
2004 12 08 08 999 99.0 99.0 99.00 99.00 99.00 999 9999.0 999.0   6.9 999.0 99.0 99.00
2004 12 08 09 999 99.0 99.0 99.00 99.00 99.00 999 9999.0 999.0   7.1 999.0 99.0 99.00
2004 12 08 10 999 99.0 99.0 99.00 99.00 99.00 999 9999.0 999.0   7.2 999.0 99.0 99.00
2004 12 08 11 999 99.0 99.0 99.00 99.00 99.00 999 9999.0 999.0   7.3 999.0 99.0 99.00
2004 12 08 12 999 99.0 99.0 99.00 99.00 99.00 999 9999.0 999.0   7.2 999.0 99.0 99.00
2004 12 08 13 999 99.0 99.0 99.00 99.00 99.00 999 9999.0 999.0   7.3 999.0 99.0 99.00
2004 12 08 14 999 99.0 99.0 99.00 99.00 99.00 999 9999.0 999.0   7.1 999.0 99.0 99.00
2004 12 08 15 999 99.0 99.0 99.00 99.00 99.00 999 9999.0 999.0   7.3 999.0 99.0 99.00
2004 12 08 16 999 99.0 99.0 99.00 99.00 99.00 999 9999.0 999.0   7.3 999.0 99.0 99.00
2004 12 08 17 999 99.0 99.0 99.00 99.00 99.00 999 9999.0 999.0   7.4 999.0 99.0 99.00
2004 12 08 18 999 99.0 99.0 99.00 99.00 99.00 999 9999.0 999.0   7.2 999.0 99.0 99.00
2004 12 08 19 999 99.0 99.0 99.00 99.00 99.00 999 9999.0 999.0   7.2 999.0 99.0 99.00
2004 12 08 20 999 99.0 99.0 99.00 99.00 99.00 999 9999.0 999.0   7.4 999.0 99.0 99.00
2004 12 08 21 999 99.0 99.0 99.00 99.00 99.00 999 9999.0 999.0   7.4 999.0 99.0 99.00
2004 12 08 22 999 99.0 99.0 99.00 99.00 99.00 999 9999.0 999.0   7.4 999.0 99.0 99.00
2004 12 09 00 999 99.0 99.0 99.00 99.00 99.00 999 9999.0 999.0   7.5 999.0 99.0 99.00
2004 12 09 01 999 99.0 99.0 99.00 99.00 99.00 999 9999.0 999.0   7.6 999.0 99.0 99.00
2004 12 09 02 999 99.0 99.0 99.00 99.00 99.00 999 9999.0 999.0   7.5 999.0 99.0 99.00
2004 12 09 03 999 99.0 99.0 99.00 99.00 99.00 999 9999.0 999.0   7.5 999.0 99.0 99.00
2004 12 09 04 999 99.0 99.0 99.00 99.00 99.00 999 9999.0 999.0   7.6 999.0 99.0 99.00
2004 12 09 05 999 99.0 99.0 99.00 99.00 99.00 999 9999.0 999.0   7.6 999.0 99.0 99.00
2004 12 09 06 999 99.0 99.0 99.00 99.00 99.00 999 9999.0 999.0   7.4 999.0 99.0 99.00
2004 12 09 07 999 99.0 99.0 99.00 99.00 99.00 999 9999.0 999.0   7.5 999.0 99.0 99.00
2004 12 09 08 999 99.0 99.0 99.00 99.00 99.00 999 9999.0 999.0   7.4 999.0 99.0 99.00
2004 12 09 09 999 99.0 99.0 99.00 99.00 99.00 999 9999.0 999.0   7.4 999.0 99.0 99.00
2004 12 09 11 999 99.0 99.0 99.00 99.00 99.00 999 9999.0 999.0   7.3 999.0 99.0 99.00
2004 12 09 12 999 99.0 99.0 99.00 99.00 99.00 999 9999.0 999.0   7.2 999.0 99.0 99.00
2004 12 09 13 999 99.0 99.0 99.00 99.00 99.00 999 9999.0 999.0   7.2 999.0 99.0 99.00
2004 12 09 14 999 99.0 99.0 99.00 99.00 99.00 999 9999.0 999.0   7.2 999.0 99.0 99.00
2004 12 09 17 999 99.0 99.0 99.00 99.00 99.00 999 9999.0 999.0   7.2 999.0 99.0 99.00
2004 12 09 18 999 99.0 99.0 99.00 99.00 99.00 999 9999.0 999.0   7.2 999.0 99.0 99.00
2004 12 09 19 999 99.0 99.0 99.00 99.00 99.00 999 9999.0 999.0   7.5 999.0 99.0 99.00
2004 12 09 20 999 99.0 99.0 99.00 99.00 99.00 999 9999.0 999.0   7.2 999.0 99.0 99.00
2004 12 09 21 999 99.0 99.0 99.00 99.00 99.00 999 9999.0 999.0   7.3 999.0 99.0 99.00
2004 12 09 22 999 99.0 99.0 99.00 99.00 99.00 999 9999.0 999.0   7.4 999.0 99.0 99.00
2004 12 09 23 999 99.0 99.0 99.00 99.00 99.00 999 9999.0 999.0   7.4 999.0 99.0 99.00
2004 12 10 00 999 99.0 99.0 99.00 99.00 99.00 999 9999.0 999.0   7.3 999.0 99.0 99.00
2004 12 10 01 999 99.0 99.0 99.00 99.00 99.00 999 9999.0 999.0   7.3 999.0 99.0 99.00
2004 12 10 02 999 99.0 99.0 99.00 99.00 99.00 999 9999.0 999.0   7.3 999.0 99.0 99.00
2004 12 10 03 999 99.0 99.0 99.00 99.00 99.00 999 9999.0 999.0   7.2 999.0 99.0 99.00
2004 12 10 04 999 99.0 99.0 99.00 99.00 99.00 999 9999.0 999.0   7.2 999.0 99.0 99.00
2004 12 10 05 999 99.0 99.0 99.00 99.00 99.00 999 9999.0 999.0   7.2 999.0 99.0 99.00
2004 12 10 06 999 99.0 99.0 99.00 99.00 99.00 999 9999.0 999.0   7.4 999.0 99.0 99.00
2004 12 10 07 999 99.0 99.0 99.00 99.00 99.00 999 9999.0 999.0   7.3 999.0 99.0 99.00
2004 12 10 08 999 99.0 99.0 99.00 99.00 99.00 999 9999.0 999.0   7.5 999.0 99.0 99.00
2004 12 10 09 999 99.0 99.0 99.00 99.00 99.00 999 9999.0 999.0   7.4 999.0 99.0 99.00
2004 12 10 10 999 99.0 99.0 99.00 99.00 99.00 999 9999.0 999.0   7.3 999.0 99.0 99.00
2004 12 10 11 999 99.0 99.0 99.00 99.00 99.00 999 9999.0 999.0   7.4 999.0 99.0 99.00
2004 12 10 12 999 99.0 99.0 99.00 99.00 99.00 999 9999.0 999.0   7.2 999.0 99.0 99.00
2004 12 10 13 999 99.0 99.0 99.00 99.00 99.00 999 9999.0 999.0   7.2 999.0 99.0 99.00
2004 12 10 14 999 99.0 99.0 99.00 99.00 99.00 999 9999.0 999.0   7.3 999.0 99.0 99.00
2004 12 10 15 999 99.0 99.0 99.00 99.00 99.00 999 9999.0 999.0   7.3 999.0 99.0 99.00
2004 12 10 16 999 99.0 99.0 99.00 99.00 99.00 999 9999.0 999.0   7.5 999.0 99.0 99.00
2004 12 10 17 999 99.0 99.0 99.00 99.00 99.00 999 9999.0 999.0   7.4 999.0 99.0 99.00
2004 12 10 18 999 99.0 99.0 99.00 99.00 99.00 999 9999.0 999.0   7.2 999.0 99.0 99.00
2004 12 10 19 999 99.0 99.0 99.00 99.00 99.00 999 9999.0 999.0   7.3 999.0 99.0 99.00
2004 12 10 20 999 99.0 99.0 99.00 99.00 99.00 999 9999.0 999.0   7.4 999.0 99.0 99.00
2004 12 10 21 999 99.0 99.0 99.00 99.00 99.00 999 9999.0 999.0   7.2 999.0 99.0 99.00
2004 12 10 23 999 99.0 99.0 99.00 99.00 99.00 999 9999.0 999.0   7.3 999.0 99.0 99.00
2004 12 11 00 999 99.0 99.0 99.00 99.00 99.00 999 9999.0 999.0   7.2 999.0 99.0 99.00
2004 12 11 01 999 99.0 99.0 99.00 99.00 99.00 999 9999.0 999.0   7.2 999.0 99.0 99.00
2004 12 11 02 999 99.0 99.0 99.00 99.00 99.00 999 9999.0 999.0   7.3 999.0 99.0 99.00
2004 12 11 03 999 99.0 99.0 99.00 99.00 99.00 999 9999.0 999.0   7.3 999.0 99.0 99.00
2004 12 11 04 999 99.0 99.0 99.00 99.00 99.00 999 9999.0 999.0   7.4 999.0 99.0 99.00
2004 12 11 05 999 99.0 99.0 99.00 99.00 99.00 999 9999.0 999.0   7.2 999.0 99.0 99.00
2004 12 11 06 999 99.0 99.0 99.00 99.00 99.00 999 9999.0 999.0   7.4 999.0 99.0 99.00
2004 12 11 07 999 99.0 99.0 99.00 99.00 99.00 999 9999.0 999.0   7.5 999.0 99.0 99.00
2004 12 11 08 999 99.0 99.0 99.00 99.00 99.00 999 9999.0 999.0   7.5 999.0 99.0 99.00
2004 12 11 09 999 99.0 99.0 99.00 99.00 99.00 999 9999.0 999.0   7.6 999.0 99.0 99.00
2004 12 11 10 999 99.0 99.0 99.00 99.00 99.00 999 9999.0 999.0   7.4 999.0 99.0 99.00
2004 12 11 11 999 99.0 99.0 99.00 99.00 99.00 999 9999.0 999.0   7.6 999.0 99.0 99.00
2004 12 11 12 999 99.0 99.0 99.00 99.00 99.00 999 9999.0 999.0   7.4 999.0 99.0 99.00
2004 12 11 14 999 99.0 99.0 99.00 99.00 99.00 999 9999.0 999.0   7.5 999.0 99.0 99.00
2004 12 11 15 999 99.0 99.0 99.00 99.00 99.00 999 9999.0 999.0   7.5 999.0 99.0 99.00
2004 12 11 16 999 99.0 99.0 99.00 99.00 99.00 999 9999.0 999.0   7.5 999.0 99.0 99.00
2004 12 11 17 999 99.0 99.0 99.00 99.00 99.00 999 9999.0 999.0   7.6 999.0 99.0 99.00
2004 12 11 19 999 99.0 99.0 99.00 99.00 99.00 999 9999.0 999.0   7.6 999.0 99.0 99.00
2004 12 11 20 999 99.0 99.0 99.00 99.00 99.00 999 9999.0 999.0   7.6 999.0 99.0 99.00
2004 12 11 21 999 99.0 99.0 99.00 99.00 99.00 999 9999.0 999.0   7.7 999.0 99.0 99.00
2004 12 11 22 999 99.0 99.0 99.00 99.00 99.00 999 9999.0 999.0   7.6 999.0 99.0 99.00
2004 12 11 23 999 99.0 99.0 99.00 99.00 99.00 999 9999.0 999.0   7.6 999.0 99.0 99.00
2004 12 12 00 999 99.0 99.0 99.00 99.00 99.00 999 9999.0 999.0   7.6 999.0 99.0 99.00
2004 12 12 01 999 99.0 99.0 99.00 99.00 99.00 999 9999.0 999.0   7.5 999.0 99.0 99.00
2004 12 12 02 999 99.0 99.0 99.00 99.00 99.00 999 9999.0 999.0   7.6 999.0 99.0 99.00
2004 12 12 03 999 99.0 99.0 99.00 99.00 99.00 999 9999.0 999.0   7.7 999.0 99.0 99.00
2004 12 12 04 999 99.0 99.0 99.00 99.00 99.00 999 9999.0 999.0   7.5 999.0 99.0 99.00
2004 12 12 05 999 99.0 99.0 99.00 99.00 99.00 999 9999.0 999.0   7.7 999.0 99.0 99.00
2004 12 12 06 999 99.0 99.0 99.00 99.00 99.00 999 9999.0 999.0   7.6 999.0 99.0 99.00
2004 12 12 07 999 99.0 99.0 99.00 99.00 99.00 999 9999.0 999.0   7.7 999.0 99.0 99.00
2004 12 12 08 999 99.0 99.0 99.00 99.00 99.00 999 9999.0 999.0   7.6 999.0 99.0 99.00
2004 12 12 09 999 99.0 99.0 99.00 99.00 99.00 999 9999.0 999.0   7.5 999.0 99.0 99.00
2004 12 12 10 999 99.0 99.0 99.00 99.00 99.00 999 9999.0 999.0   7.6 999.0 99.0 99.00
2004 12 12 11 999 99.0 99.0 99.00 99.00 99.00 999 9999.0 999.0   7.3 999.0 99.0 99.00
2004 12 12 12 999 99.0 99.0 99.00 99.00 99.00 999 9999.0 999.0   7.3 999.0 99.0 99.00
2004 12 12 13 999 99.0 99.0 99.00 99.00 99.00 999 9999.0 999.0   7.4 999.0 99.0 99.00
2004 12 12 14 999 99.0 99.0 99.00 99.00 99.00 999 9999.0 999.0   7.5 999.0 99.0 99.00
2004 12 12 15 999 99.0 99.0 99.00 99.00 99.00 999 9999.0 999.0   7.5 999.0 99.0 99.00
2004 12 12 16 999 99.0 99.0 99.00 99.00 99.00 999 9999.0 999.0   7.5 999.0 99.0 99.00
2004 12 12 18 999 99.0 99.0 99.00 99.00 99.00 999 9999.0 999.0   7.5 999.0 99.0 99.00
2004 12 12 19 999 99.0 99.0 99.00 99.00 99.00 999 9999.0 999.0   7.4 999.0 99.0 99.00
2004 12 12 20 999 99.0 99.0 99.00 99.00 99.00 999 9999.0 999.0   7.4 999.0 99.0 99.00
2004 12 12 21 999 99.0 99.0 99.00 99.00 99.00 999 9999.0 999.0   7.5 999.0 99.0 99.00
2004 12 12 22 999 99.0 99.0 99.00 99.00 99.00 999 9999.0 999.0   7.4 999.0 99.0 99.00
2004 12 12 23 999 99.0 99.0 99.00 99.00 99.00 999 9999.0 999.0   7.3 999.0 99.0 99.00
2004 12 13 00 999 99.0 99.0 99.00 99.00 99.00 999 9999.0 999.0   7.2 999.0 99.0 99.00
2004 12 13 01 999 99.0 99.0 99.00 99.00 99.00 999 9999.0 999.0   7.4 999.0 99.0 99.00
2004 12 13 02 999 99.0 99.0 99.00 99.00 99.00 999 9999.0 999.0   7.2 999.0 99.0 99.00
2004 12 13 04 999 99.0 99.0 99.00 99.00 99.00 999 9999.0 999.0   7.2 999.0 99.0 99.00
2004 12 13 05 999 99.0 99.0 99.00 99.00 99.00 999 9999.0 999.0   7.3 999.0 99.0 99.00
2004 12 13 06 999 99.0 99.0 99.00 99.00 99.00 999 9999.0 999.0   7.2 999.0 99.0 99.00
2004 12 13 07 999 99.0 99.0 99.00 99.00 99.00 999 9999.0 999.0   7.2 999.0 99.0 99.00
2004 12 13 08 999 99.0 99.0 99.00 99.00 99.00 999 9999.0 999.0   7.2 999.0 99.0 99.00
2004 12 13 09 999 99.0 99.0 99.00 99.00 99.00 999 9999.0 999.0   7.1 999.0 99.0 99.00
2004 12 13 10 999 99.0 99.0 99.00 99.00 99.00 999 9999.0 999.0   7.2 999.0 99.0 99.00
2004 12 13 11 999 99.0 99.0 99.00 99.00 99.00 999 9999.0 999.0   7.2 999.0 99.0 99.00
2004 12 13 12 999 99.0 99.0 99.00 99.00 99.00 999 9999.0 999.0   7.3 999.0 99.0 99.00
2004 12 13 13 999 99.0 99.0 99.00 99.00 99.00 999 9999.0 999.0   7.4 999.0 99.0 99.00
2004 12 13 14 999 99.0 99.0 99.00 99.00 99.00 999 9999.0 999.0   7.3 999.0 99.0 99.00
2004 12 13 15 999 99.0 99.0 99.00 99.00 99.00 999 9999.0 999.0   7.2 999.0 99.0 99.00
2004 12 13 16 999 99.0 99.0 99.00 99.00 99.00 999 9999.0 999.0   7.2 999.0 99.0 99.00
2004 12 13 17 999 99.0 99.0 99.00 99.00 99.00 999 9999.0 999.0   7.1 999.0 99.0 99.00
2004 12 13 18 999 99.0 99.0 99.00 99.00 99.00 999 9999.0 999.0   7.1 999.0 99.0 99.00
2004 12 13 19 999 99.0 99.0 99.00 99.00 99.00 999 9999.0 999.0   7.2 999.0 99.0 99.00
2004 12 13 20 999 99.0 99.0 99.00 99.00 99.00 999 9999.0 999.0   7.3 999.0 99.0 99.00
2004 12 13 21 999 99.0 99.0 99.00 99.00 99.00 999 9999.0 999.0   7.3 999.0 99.0 99.00
2004 12 13 23 999 99.0 99.0 99.00 99.00 99.00 999 9999.0 999.0   7.3 999.0 99.0 99.00
2004 12 14 00 999 99.0 99.0 99.00 99.00 99.00 999 9999.0 999.0   7.1 999.0 99.0 99.00
2004 12 14 01 999 99.0 99.0 99.00 99.00 99.00 999 9999.0 999.0   7.1 999.0 99.0 99.00
2004 12 14 03 999 99.0 99.0 99.00 99.00 99.00 999 9999.0 999.0   7.0 999.0 99.0 99.00
2004 12 14 04 999 99.0 99.0 99.00 99.00 99.00 999 9999.0 999.0   7.2 999.0 99.0 99.00
2004 12 14 05 999 99.0 99.0 99.00 99.00 99.00 999 9999.0 999.0   7.2 999.0 99.0 99.00
2004 12 14 06 999 99.0 99.0 99.00 99.00 99.00 999 9999.0 999.0   7.0 999.0 99.0 99.00
2004 12 14 07 999 99.0 99.0 99.00 99.00 99.00 999 9999.0 999.0   7.0 999.0 99.0 99.00
2004 12 14 10 999 99.0 99.0 99.00 99.00 99.00 999 9999.0 999.0   7.0 999.0 99.0 99.00
2004 12 14 11 999 99.0 99.0 99.00 99.00 99.00 999 9999.0 999.0   7.1 999.0 99.0 99.00
2004 12 14 12 999 99.0 99.0 99.00 99.00 99.00 999 9999.0 999.0   7.1 999.0 99.0 99.00
2004 12 14 13 999 99.0 99.0 99.00 99.00 99.00 999 9999.0 999.0   6.9 999.0 99.0 99.00
2004 12 14 14 999 99.0 99.0 99.00 99.00 99.00 999 9999.0 999.0   6.9 999.0 99.0 99.00
2004 12 14 15 999 99.0 99.0 99.00 99.00 99.00 999 9999.0 999.0   6.9 999.0 99.0 99.00
2004 12 14 16 999 99.0 99.0 99.00 99.00 99.00 999 9999.0 999.0   6.9 999.0 99.0 99.00
2004 12 14 17 999 99.0 99.0 99.00 99.00 99.00 999 9999.0 999.0   6.8 999.0 99.0 99.00
2004 12 14 18 999 99.0 99.0 99.00 99.00 99.00 999 9999.0 999.0   7.0 999.0 99.0 99.00
2004 12 14 19 999 99.0 99.0 99.00 99.00 99.00 999 9999.0 999.0   6.9 999.0 99.0 99.00
2004 12 14 20 999 99.0 99.0 99.00 99.00 99.00 999 9999.0 999.0   7.0 999.0 99.0 99.00
2004 12 14 21 999 99.0 99.0 99.00 99.00 99.00 999 9999.0 999.0   6.9 999.0 99.0 99.00
2004 12 14 22 999 99.0 99.0 99.00 99.00 99.00 999 9999.0 999.0   7.0 999.0 99.0 99.00
2004 12 14 23 999 99.0 99.0 99.00 99.00 99.00 999 9999.0 999.0   7.0 999.0 99.0 99.00
2004 12 15 00 999 99.0 99.0 99.00 99.00 99.00 999 9999.0 999.0   7.1 999.0 99.0 99.00
2004 12 15 01 999 99.0 99.0 99.00 99.00 99.00 999 9999.0 999.0   7.1 999.0 99.0 99.00
2004 12 15 02 999 99.0 99.0 99.00 99.00 99.00 999 9999.0 999.0   6.8 999.0 99.0 99.00
2004 12 15 03 999 99.0 99.0 99.00 99.00 99.00 999 9999.0 999.0   6.8 999.0 99.0 99.00
2004 12 15 04 999 99.0 99.0 99.00 99.00 99.00 999 9999.0 999.0   6.6 999.0 99.0 99.00
2004 12 15 05 999 99.0 99.0 99.00 99.00 99.00 999 9999.0 999.0   6.5 999.0 99.0 99.00
2004 12 15 06 999 99.0 99.0 99.00 99.00 99.00 999 9999.0 999.0   6.6 999.0 99.0 99.00
2004 12 15 07 999 99.0 99.0 99.00 99.00 99.00 999 9999.0 999.0   6.6 999.0 99.0 99.00
2004 12 15 08 999 99.0 99.0 99.00 99.00 99.00 999 9999.0 999.0   6.3 999.0 99.0 99.00
2004 12 15 09 999 99.0 99.0 99.00 99.00 99.00 999 9999.0 999.0   6.5 999.0 99.0 99.00
2004 12 15 10 999 99.0 99.0 99.00 99.00 99.00 999 9999.0 999.0   6.6 999.0 99.0 99.00
2004 12 15 11 999 99.0 99.0 99.00 99.00 99.00 999 9999.0 999.0   6.7 999.0 99.0 99.00
2004 12 15 12 999 99.0 99.0 99.00 99.00 99.00 999 9999.0 999.0   6.5 999.0 99.0 99.00
2004 12 15 13 999 99.0 99.0 99.00 99.00 99.00 999 9999.0 999.0   6.3 999.0 99.0 99.00
2004 12 15 14 999 99.0 99.0 99.00 99.00 99.00 999 9999.0 999.0   6.4 999.0 99.0 99.00
2004 12 15 15 999 99.0 99.0 99.00 99.00 99.00 999 9999.0 999.0   6.1 999.0 99.0 99.00
2004 12 15 16 999 99.0 99.0 99.00 99.00 99.00 999 9999.0 999.0   6.2 999.0 99.0 99.00
2004 12 15 17 999 99.0 99.0 99.00 99.00 99.00 999 9999.0 999.0   6.2 999.0 99.0 99.00
2004 12 15 18 999 99.0 99.0 99.00 99.00 99.00 999 9999.0 999.0   6.2 999.0 99.0 99.00
2004 12 15 19 999 99.0 99.0 99.00 99.00 99.00 999 9999.0 999.0   6.2 999.0 99.0 99.00
2004 12 15 20 999 99.0 99.0 99.00 99.00 99.00 999 9999.0 999.0   6.1 999.0 99.0 99.00
2004 12 15 21 999 99.0 99.0 99.00 99.00 99.00 999 9999.0 999.0   5.7 999.0 99.0 99.00
2004 12 15 22 999 99.0 99.0 99.00 99.00 99.00 999 9999.0 999.0   6.2 999.0 99.0 99.00
2004 12 15 23 999 99.0 99.0 99.00 99.00 99.00 999 9999.0 999.0   6.2 999.0 99.0 99.00
2004 12 16 04 999 99.0 99.0 99.00 99.00 99.00 999 9999.0 999.0   5.7 999.0 99.0 99.00
2004 12 16 05 999 99.0 99.0 99.00 99.00 99.00 999 9999.0 999.0   5.8 999.0 99.0 99.00
2004 12 16 06 999 99.0 99.0 99.00 99.00 99.00 999 9999.0 999.0   5.6 999.0 99.0 99.00
2004 12 16 07 999 99.0 99.0 99.00 99.00 99.00 999 9999.0 999.0   5.8 999.0 99.0 99.00
2004 12 16 08 999 99.0 99.0 99.00 99.00 99.00 999 9999.0 999.0   5.7 999.0 99.0 99.00
2004 12 16 09 999 99.0 99.0 99.00 99.00 99.00 999 9999.0 999.0   5.5 999.0 99.0 99.00
2004 12 16 10 999 99.0 99.0 99.00 99.00 99.00 999 9999.0 999.0   5.7 999.0 99.0 99.00
2004 12 16 11 999 99.0 99.0 99.00 99.00 99.00 999 9999.0 999.0   5.5 999.0 99.0 99.00
2004 12 16 12 999 99.0 99.0 99.00 99.00 99.00 999 9999.0 999.0   5.7 999.0 99.0 99.00
2004 12 16 13 999 99.0 99.0 99.00 99.00 99.00 999 9999.0 999.0   5.8 999.0 99.0 99.00
2004 12 16 14 999 99.0 99.0 99.00 99.00 99.00 999 9999.0 999.0   5.5 999.0 99.0 99.00
2004 12 16 15 999 99.0 99.0 99.00 99.00 99.00 999 9999.0 999.0   5.8 999.0 99.0 99.00
2004 12 16 16 999 99.0 99.0 99.00 99.00 99.00 999 9999.0 999.0   5.8 999.0 99.0 99.00
2004 12 16 17 999 99.0 99.0 99.00 99.00 99.00 999 9999.0 999.0   5.7 999.0 99.0 99.00
2004 12 16 18 999 99.0 99.0 99.00 99.00 99.00 999 9999.0 999.0   5.6 999.0 99.0 99.00
2004 12 16 19 999 99.0 99.0 99.00 99.00 99.00 999 9999.0 999.0   5.3 999.0 99.0 99.00
2004 12 16 20 999 99.0 99.0 99.00 99.00 99.00 999 9999.0 999.0   5.4 999.0 99.0 99.00
2004 12 16 21 999 99.0 99.0 99.00 99.00 99.00 999 9999.0 999.0   5.2 999.0 99.0 99.00
2004 12 16 22 999 99.0 99.0 99.00 99.00 99.00 999 9999.0 999.0   5.3 999.0 99.0 99.00
2004 12 16 23 999 99.0 99.0 99.00 99.00 99.00 999 9999.0 999.0   5.3 999.0 99.0 99.00
2004 12 17 01 999 99.0 99.0 99.00 99.00 99.00 999 9999.0 999.0   5.4 999.0 99.0 99.00
2004 12 17 02 999 99.0 99.0 99.00 99.00 99.00 999 9999.0 999.0   5.5 999.0 99.0 99.00
2004 12 17 03 999 99.0 99.0 99.00 99.00 99.00 999 9999.0 999.0   5.7 999.0 99.0 99.00
2004 12 17 04 999 99.0 99.0 99.00 99.00 99.00 999 9999.0 999.0   5.4 999.0 99.0 99.00
2004 12 17 05 999 99.0 99.0 99.00 99.00 99.00 999 9999.0 999.0   5.4 999.0 99.0 99.00
2004 12 17 06 999 99.0 99.0 99.00 99.00 99.00 999 9999.0 999.0   5.4 999.0 99.0 99.00
2004 12 17 07 999 99.0 99.0 99.00 99.00 99.00 999 9999.0 999.0   5.3 999.0 99.0 99.00
2004 12 17 08 999 99.0 99.0 99.00 99.00 99.00 999 9999.0 999.0   5.2 999.0 99.0 99.00
2004 12 17 09 999 99.0 99.0 99.00 99.00 99.00 999 9999.0 999.0   5.2 999.0 99.0 99.00
2004 12 17 10 999 99.0 99.0 99.00 99.00 99.00 999 9999.0 999.0   5.4 999.0 99.0 99.00
2004 12 17 11 999 99.0 99.0 99.00 99.00 99.00 999 9999.0 999.0   5.2 999.0 99.0 99.00
2004 12 17 12 999 99.0 99.0 99.00 99.00 99.00 999 9999.0 999.0   5.1 999.0 99.0 99.00
2004 12 17 13 999 99.0 99.0 99.00 99.00 99.00 999 9999.0 999.0   5.1 999.0 99.0 99.00
2004 12 17 14 999 99.0 99.0 99.00 99.00 99.00 999 9999.0 999.0   5.3 999.0 99.0 99.00
2004 12 17 15 999 99.0 99.0 99.00 99.00 99.00 999 9999.0 999.0   5.5 999.0 99.0 99.00
2004 12 17 16 999 99.0 99.0 99.00 99.00 99.00 999 9999.0 999.0   5.7 999.0 99.0 99.00
2004 12 17 17 999 99.0 99.0 99.00 99.00 99.00 999 9999.0 999.0   5.7 999.0 99.0 99.00
2004 12 17 18 999 99.0 99.0 99.00 99.00 99.00 999 9999.0 999.0   5.7 999.0 99.0 99.00
2004 12 17 19 999 99.0 99.0 99.00 99.00 99.00 999 9999.0 999.0   5.6 999.0 99.0 99.00
2004 12 17 20 999 99.0 99.0 99.00 99.00 99.00 999 9999.0 999.0   5.8 999.0 99.0 99.00
2004 12 17 21 999 99.0 99.0 99.00 99.00 99.00 999 9999.0 999.0   5.8 999.0 99.0 99.00
2004 12 17 22 999 99.0 99.0 99.00 99.00 99.00 999 9999.0 999.0   5.4 999.0 99.0 99.00
2004 12 17 23 999 99.0 99.0 99.00 99.00 99.00 999 9999.0 999.0   5.9 999.0 99.0 99.00
2004 12 18 00 999 99.0 99.0 99.00 99.00 99.00 999 9999.0 999.0   5.8 999.0 99.0 99.00
2004 12 18 01 999 99.0 99.0 99.00 99.00 99.00 999 9999.0 999.0   5.9 999.0 99.0 99.00
2004 12 18 02 999 99.0 99.0 99.00 99.00 99.00 999 9999.0 999.0   5.7 999.0 99.0 99.00
2004 12 18 03 999 99.0 99.0 99.00 99.00 99.00 999 9999.0 999.0   5.8 999.0 99.0 99.00
2004 12 18 04 999 99.0 99.0 99.00 99.00 99.00 999 9999.0 999.0   5.9 999.0 99.0 99.00
2004 12 18 05 999 99.0 99.0 99.00 99.00 99.00 999 9999.0 999.0   5.7 999.0 99.0 99.00
2004 12 18 11 999 99.0 99.0 99.00 99.00 99.00 999 9999.0 999.0   5.1 999.0 99.0 99.00
2004 12 18 12 999 99.0 99.0 99.00 99.00 99.00 999 9999.0 999.0   4.9 999.0 99.0 99.00
2004 12 18 13 999 99.0 99.0 99.00 99.00 99.00 999 9999.0 999.0   5.3 999.0 99.0 99.00
2004 12 18 14 999 99.0 99.0 99.00 99.00 99.00 999 9999.0 999.0   5.6 999.0 99.0 99.00
2004 12 18 15 999 99.0 99.0 99.00 99.00 99.00 999 9999.0 999.0   5.4 999.0 99.0 99.00
2004 12 18 16 999 99.0 99.0 99.00 99.00 99.00 999 9999.0 999.0   5.6 999.0 99.0 99.00
2004 12 18 17 999 99.0 99.0 99.00 99.00 99.00 999 9999.0 999.0   5.5 999.0 99.0 99.00
2004 12 18 18 999 99.0 99.0 99.00 99.00 99.00 999 9999.0 999.0   5.7 999.0 99.0 99.00
2004 12 18 19 999 99.0 99.0 99.00 99.00 99.00 999 9999.0 999.0   5.5 999.0 99.0 99.00
2004 12 18 20 999 99.0 99.0 99.00 99.00 99.00 999 9999.0 999.0   5.6 999.0 99.0 99.00
2004 12 18 21 999 99.0 99.0 99.00 99.00 99.00 999 9999.0 999.0   5.4 999.0 99.0 99.00
2004 12 18 22 999 99.0 99.0 99.00 99.00 99.00 999 9999.0 999.0   5.4 999.0 99.0 99.00
2004 12 18 23 999 99.0 99.0 99.00 99.00 99.00 999 9999.0 999.0   5.3 999.0 99.0 99.00
2004 12 19 00 999 99.0 99.0 99.00 99.00 99.00 999 9999.0 999.0   5.1 999.0 99.0 99.00
2004 12 19 01 999 99.0 99.0 99.00 99.00 99.00 999 9999.0 999.0   5.2 999.0 99.0 99.00
2004 12 19 02 999 99.0 99.0 99.00 99.00 99.00 999 9999.0 999.0   5.4 999.0 99.0 99.00
2004 12 19 03 999 99.0 99.0 99.00 99.00 99.00 999 9999.0 999.0   5.7 999.0 99.0 99.00
2004 12 19 04 999 99.0 99.0 99.00 99.00 99.00 999 9999.0 999.0   5.6 999.0 99.0 99.00
2004 12 19 05 999 99.0 99.0 99.00 99.00 99.00 999 9999.0 999.0   5.6 999.0 99.0 99.00
2004 12 19 06 999 99.0 99.0 99.00 99.00 99.00 999 9999.0 999.0   5.6 999.0 99.0 99.00
2004 12 19 07 999 99.0 99.0 99.00 99.00 99.00 999 9999.0 999.0   5.5 999.0 99.0 99.00
2004 12 19 08 999 99.0 99.0 99.00 99.00 99.00 999 9999.0 999.0   5.4 999.0 99.0 99.00
2004 12 19 09 999 99.0 99.0 99.00 99.00 99.00 999 9999.0 999.0   5.5 999.0 99.0 99.00
2004 12 19 10 999 99.0 99.0 99.00 99.00 99.00 999 9999.0 999.0   5.3 999.0 99.0 99.00
2004 12 19 11 999 99.0 99.0 99.00 99.00 99.00 999 9999.0 999.0   5.4 999.0 99.0 99.00
2004 12 19 12 999 99.0 99.0 99.00 99.00 99.00 999 9999.0 999.0   5.4 999.0 99.0 99.00
2004 12 19 13 999 99.0 99.0 99.00 99.00 99.00 999 9999.0 999.0   5.3 999.0 99.0 99.00
2004 12 19 14 999 99.0 99.0 99.00 99.00 99.00 999 9999.0 999.0   5.2 999.0 99.0 99.00
2004 12 19 15 999 99.0 99.0 99.00 99.00 99.00 999 9999.0 999.0   5.6 999.0 99.0 99.00
2004 12 19 16 999 99.0 99.0 99.00 99.00 99.00 999 9999.0 999.0   5.6 999.0 99.0 99.00
2004 12 19 17 999 99.0 99.0 99.00 99.00 99.00 999 9999.0 999.0   5.6 999.0 99.0 99.00
2004 12 19 18 999 99.0 99.0 99.00 99.00 99.00 999 9999.0 999.0   5.6 999.0 99.0 99.00
2004 12 19 19 999 99.0 99.0 99.00 99.00 99.00 999 9999.0 999.0   5.7 999.0 99.0 99.00
2004 12 19 20 999 99.0 99.0 99.00 99.00 99.00 999 9999.0 999.0   5.5 999.0 99.0 99.00
2004 12 19 21 999 99.0 99.0 99.00 99.00 99.00 999 9999.0 999.0   5.6 999.0 99.0 99.00
2004 12 19 22 999 99.0 99.0 99.00 99.00 99.00 999 9999.0 999.0   5.6 999.0 99.0 99.00
2004 12 19 23 999 99.0 99.0 99.00 99.00 99.00 999 9999.0 999.0   5.6 999.0 99.0 99.00
2004 12 20 00 999 99.0 99.0 99.00 99.00 99.00 999 9999.0 999.0   5.6 999.0 99.0 99.00
2004 12 20 01 999 99.0 99.0 99.00 99.00 99.00 999 9999.0 999.0   5.4 999.0 99.0 99.00
2004 12 20 02 999 99.0 99.0 99.00 99.00 99.00 999 9999.0 999.0   5.6 999.0 99.0 99.00
2004 12 20 03 999 99.0 99.0 99.00 99.00 99.00 999 9999.0 999.0   5.4 999.0 99.0 99.00
2004 12 20 08 999 99.0 99.0 99.00 99.00 99.00 999 9999.0 999.0   5.7 999.0 99.0 99.00
2004 12 20 09 999 99.0 99.0 99.00 99.00 99.00 999 9999.0 999.0   5.6 999.0 99.0 99.00
2004 12 20 10 999 99.0 99.0 99.00 99.00 99.00 999 9999.0 999.0   5.4 999.0 99.0 99.00
2004 12 20 11 999 99.0 99.0 99.00 99.00 99.00 999 9999.0 999.0   5.4 999.0 99.0 99.00
2004 12 20 12 999 99.0 99.0 99.00 99.00 99.00 999 9999.0 999.0   5.4 999.0 99.0 99.00
2004 12 20 13 999 99.0 99.0 99.00 99.00 99.00 999 9999.0 999.0   5.3 999.0 99.0 99.00
2004 12 20 14 999 99.0 99.0 99.00 99.00 99.00 999 9999.0 999.0   5.2 999.0 99.0 99.00
2004 12 20 18 999 99.0 99.0 99.00 99.00 99.00 999 9999.0 999.0   5.6 999.0 99.0 99.00
2004 12 20 19 999 99.0 99.0 99.00 99.00 99.00 999 9999.0 999.0   5.4 999.0 99.0 99.00
2004 12 20 20 999 99.0 99.0 99.00 99.00 99.00 999 9999.0 999.0   5.3 999.0 99.0 99.00
2004 12 20 21 999 99.0 99.0 99.00 99.00 99.00 999 9999.0 999.0   5.2 999.0 99.0 99.00
2004 12 20 22 999 99.0 99.0 99.00 99.00 99.00 999 9999.0 999.0   5.3 999.0 99.0 99.00
2004 12 20 23 999 99.0 99.0 99.00 99.00 99.00 999 9999.0 999.0   4.9 999.0 99.0 99.00
2004 12 21 00 999 99.0 99.0 99.00 99.00 99.00 999 9999.0 999.0   4.9 999.0 99.0 99.00
2004 12 21 01 999 99.0 99.0 99.00 99.00 99.00 999 9999.0 999.0   4.7 999.0 99.0 99.00
2004 12 21 02 999 99.0 99.0 99.00 99.00 99.00 999 9999.0 999.0   4.7 999.0 99.0 99.00
2004 12 21 03 999 99.0 99.0 99.00 99.00 99.00 999 9999.0 999.0   4.8 999.0 99.0 99.00
2004 12 21 04 999 99.0 99.0 99.00 99.00 99.00 999 9999.0 999.0   4.5 999.0 99.0 99.00
2004 12 21 05 999 99.0 99.0 99.00 99.00 99.00 999 9999.0 999.0   4.6 999.0 99.0 99.00
2004 12 21 06 999 99.0 99.0 99.00 99.00 99.00 999 9999.0 999.0   4.8 999.0 99.0 99.00
2004 12 21 07 999 99.0 99.0 99.00 99.00 99.00 999 9999.0 999.0   4.9 999.0 99.0 99.00
2004 12 21 08 999 99.0 99.0 99.00 99.00 99.00 999 9999.0 999.0   4.5 999.0 99.0 99.00
2004 12 21 09 999 99.0 99.0 99.00 99.00 99.00 999 9999.0 999.0   4.5 999.0 99.0 99.00
2004 12 21 10 999 99.0 99.0 99.00 99.00 99.00 999 9999.0 999.0   3.8 999.0 99.0 99.00
2004 12 21 11 999 99.0 99.0 99.00 99.00 99.00 999 9999.0 999.0   4.0 999.0 99.0 99.00
2004 12 21 12 999 99.0 99.0 99.00 99.00 99.00 999 9999.0 999.0   3.8 999.0 99.0 99.00
2004 12 21 13 999 99.0 99.0 99.00 99.00 99.00 999 9999.0 999.0   4.1 999.0 99.0 99.00
2004 12 21 14 999 99.0 99.0 99.00 99.00 99.00 999 9999.0 999.0   3.8 999.0 99.0 99.00
2004 12 21 15 999 99.0 99.0 99.00 99.00 99.00 999 9999.0 999.0   3.6 999.0 99.0 99.00
2004 12 21 16 999 99.0 99.0 99.00 99.00 99.00 999 9999.0 999.0   3.5 999.0 99.0 99.00
2004 12 21 17 999 99.0 99.0 99.00 99.00 99.00 999 9999.0 999.0   3.7 999.0 99.0 99.00
2004 12 21 18 999 99.0 99.0 99.00 99.00 99.00 999 9999.0 999.0   3.7 999.0 99.0 99.00
2004 12 21 19 999 99.0 99.0 99.00 99.00 99.00 999 9999.0 999.0   3.9 999.0 99.0 99.00
2004 12 21 20 999 99.0 99.0 99.00 99.00 99.00 999 9999.0 999.0   4.2 999.0 99.0 99.00
2004 12 21 21 999 99.0 99.0 99.00 99.00 99.00 999 9999.0 999.0   4.3 999.0 99.0 99.00
2004 12 21 22 999 99.0 99.0 99.00 99.00 99.00 999 9999.0 999.0   4.3 999.0 99.0 99.00
2004 12 21 23 999 99.0 99.0 99.00 99.00 99.00 999 9999.0 999.0   4.1 999.0 99.0 99.00
2004 12 22 00 999 99.0 99.0 99.00 99.00 99.00 999 9999.0 999.0   3.7 999.0 99.0 99.00
2004 12 22 01 999 99.0 99.0 99.00 99.00 99.00 999 9999.0 999.0   3.8 999.0 99.0 99.00
2004 12 22 02 999 99.0 99.0 99.00 99.00 99.00 999 9999.0 999.0   3.9 999.0 99.0 99.00
2004 12 22 03 999 99.0 99.0 99.00 99.00 99.00 999 9999.0 999.0   4.0 999.0 99.0 99.00
2004 12 22 04 999 99.0 99.0 99.00 99.00 99.00 999 9999.0 999.0   4.1 999.0 99.0 99.00
2004 12 22 05 999 99.0 99.0 99.00 99.00 99.00 999 9999.0 999.0   4.0 999.0 99.0 99.00
2004 12 22 06 999 99.0 99.0 99.00 99.00 99.00 999 9999.0 999.0   4.2 999.0 99.0 99.00
2004 12 22 07 999 99.0 99.0 99.00 99.00 99.00 999 9999.0 999.0   4.6 999.0 99.0 99.00
2004 12 22 08 999 99.0 99.0 99.00 99.00 99.00 999 9999.0 999.0   4.5 999.0 99.0 99.00
2004 12 22 09 999 99.0 99.0 99.00 99.00 99.00 999 9999.0 999.0   4.4 999.0 99.0 99.00
2004 12 22 10 999 99.0 99.0 99.00 99.00 99.00 999 9999.0 999.0   4.5 999.0 99.0 99.00
2004 12 22 11 999 99.0 99.0 99.00 99.00 99.00 999 9999.0 999.0   4.4 999.0 99.0 99.00
2004 12 22 12 999 99.0 99.0 99.00 99.00 99.00 999 9999.0 999.0   4.1 999.0 99.0 99.00
2004 12 22 13 999 99.0 99.0 99.00 99.00 99.00 999 9999.0 999.0   3.9 999.0 99.0 99.00
2004 12 22 15 999 99.0 99.0 99.00 99.00 99.00 999 9999.0 999.0   3.7 999.0 99.0 99.00
2004 12 22 16 999 99.0 99.0 99.00 99.00 99.00 999 9999.0 999.0   3.8 999.0 99.0 99.00
2004 12 22 17 999 99.0 99.0 99.00 99.00 99.00 999 9999.0 999.0   4.1 999.0 99.0 99.00
2004 12 22 18 999 99.0 99.0 99.00 99.00 99.00 999 9999.0 999.0   4.3 999.0 99.0 99.00
2004 12 22 19 999 99.0 99.0 99.00 99.00 99.00 999 9999.0 999.0   4.4 999.0 99.0 99.00
2004 12 22 20 999 99.0 99.0 99.00 99.00 99.00 999 9999.0 999.0   4.4 999.0 99.0 99.00
2004 12 22 21 999 99.0 99.0 99.00 99.00 99.00 999 9999.0 999.0   4.6 999.0 99.0 99.00
2004 12 22 22 999 99.0 99.0 99.00 99.00 99.00 999 9999.0 999.0   4.7 999.0 99.0 99.00
2004 12 22 23 999 99.0 99.0 99.00 99.00 99.00 999 9999.0 999.0   4.7 999.0 99.0 99.00
2004 12 23 00 999 99.0 99.0 99.00 99.00 99.00 999 9999.0 999.0   4.3 999.0 99.0 99.00
2004 12 23 01 999 99.0 99.0 99.00 99.00 99.00 999 9999.0 999.0   4.2 999.0 99.0 99.00
2004 12 23 02 999 99.0 99.0 99.00 99.00 99.00 999 9999.0 999.0   4.3 999.0 99.0 99.00
2004 12 23 03 999 99.0 99.0 99.00 99.00 99.00 999 9999.0 999.0   4.5 999.0 99.0 99.00
2004 12 23 04 999 99.0 99.0 99.00 99.00 99.00 999 9999.0 999.0   4.5 999.0 99.0 99.00
2004 12 23 05 999 99.0 99.0 99.00 99.00 99.00 999 9999.0 999.0   4.5 999.0 99.0 99.00
2004 12 23 06 999 99.0 99.0 99.00 99.00 99.00 999 9999.0 999.0   4.6 999.0 99.0 99.00
2004 12 23 07 999 99.0 99.0 99.00 99.00 99.00 999 9999.0 999.0   4.6 999.0 99.0 99.00
2004 12 23 08 999 99.0 99.0 99.00 99.00 99.00 999 9999.0 999.0   4.6 999.0 99.0 99.00
2004 12 23 09 999 99.0 99.0 99.00 99.00 99.00 999 9999.0 999.0   4.6 999.0 99.0 99.00
2004 12 23 10 999 99.0 99.0 99.00 99.00 99.00 999 9999.0 999.0   4.6 999.0 99.0 99.00
2004 12 23 11 999 99.0 99.0 99.00 99.00 99.00 999 9999.0 999.0   4.7 999.0 99.0 99.00
2004 12 23 12 999 99.0 99.0 99.00 99.00 99.00 999 9999.0 999.0   4.6 999.0 99.0 99.00
2004 12 23 13 999 99.0 99.0 99.00 99.00 99.00 999 9999.0 999.0   4.7 999.0 99.0 99.00
2004 12 23 14 999 99.0 99.0 99.00 99.00 99.00 999 9999.0 999.0   4.5 999.0 99.0 99.00
2004 12 23 15 999 99.0 99.0 99.00 99.00 99.00 999 9999.0 999.0   4.4 999.0 99.0 99.00
2004 12 23 16 999 99.0 99.0 99.00 99.00 99.00 999 9999.0 999.0   4.4 999.0 99.0 99.00
2004 12 23 17 999 99.0 99.0 99.00 99.00 99.00 999 9999.0 999.0   4.4 999.0 99.0 99.00
2004 12 23 18 999 99.0 99.0 99.00 99.00 99.00 999 9999.0 999.0   4.5 999.0 99.0 99.00
2004 12 23 19 999 99.0 99.0 99.00 99.00 99.00 999 9999.0 999.0   4.8 999.0 99.0 99.00
2004 12 23 20 999 99.0 99.0 99.00 99.00 99.00 999 9999.0 999.0   5.0 999.0 99.0 99.00
2004 12 23 21 999 99.0 99.0 99.00 99.00 99.00 999 9999.0 999.0   5.0 999.0 99.0 99.00
2004 12 23 22 999 99.0 99.0 99.00 99.00 99.00 999 9999.0 999.0   5.0 999.0 99.0 99.00
2004 12 23 23 999 99.0 99.0 99.00 99.00 99.00 999 9999.0 999.0   5.1 999.0 99.0 99.00
2004 12 24 00 999 99.0 99.0 99.00 99.00 99.00 999 9999.0 999.0   5.4 999.0 99.0 99.00
2004 12 24 01 999 99.0 99.0 99.00 99.00 99.00 999 9999.0 999.0   4.9 999.0 99.0 99.00
2004 12 24 02 999 99.0 99.0 99.00 99.00 99.00 999 9999.0 999.0   5.2 999.0 99.0 99.00
2004 12 24 03 999 99.0 99.0 99.00 99.00 99.00 999 9999.0 999.0   5.3 999.0 99.0 99.00
2004 12 24 04 999 99.0 99.0 99.00 99.00 99.00 999 9999.0 999.0   5.4 999.0 99.0 99.00
2004 12 24 05 999 99.0 99.0 99.00 99.00 99.00 999 9999.0 999.0   5.3 999.0 99.0 99.00
2004 12 24 06 999 99.0 99.0 99.00 99.00 99.00 999 9999.0 999.0   5.5 999.0 99.0 99.00
2004 12 24 07 999 99.0 99.0 99.00 99.00 99.00 999 9999.0 999.0   5.5 999.0 99.0 99.00
2004 12 24 08 999 99.0 99.0 99.00 99.00 99.00 999 9999.0 999.0   5.7 999.0 99.0 99.00
2004 12 24 09 999 99.0 99.0 99.00 99.00 99.00 999 9999.0 999.0   5.5 999.0 99.0 99.00
2004 12 24 10 999 99.0 99.0 99.00 99.00 99.00 999 9999.0 999.0   5.7 999.0 99.0 99.00
2004 12 24 11 999 99.0 99.0 99.00 99.00 99.00 999 9999.0 999.0   5.6 999.0 99.0 99.00
2004 12 24 12 999 99.0 99.0 99.00 99.00 99.00 999 9999.0 999.0   5.5 999.0 99.0 99.00
2004 12 24 13 999 99.0 99.0 99.00 99.00 99.00 999 9999.0 999.0   5.4 999.0 99.0 99.00
2004 12 24 14 999 99.0 99.0 99.00 99.00 99.00 999 9999.0 999.0   5.4 999.0 99.0 99.00
2004 12 24 15 999 99.0 99.0 99.00 99.00 99.00 999 9999.0 999.0   5.4 999.0 99.0 99.00
2004 12 24 16 999 99.0 99.0 99.00 99.00 99.00 999 9999.0 999.0   5.3 999.0 99.0 99.00
2004 12 24 17 999 99.0 99.0 99.00 99.00 99.00 999 9999.0 999.0   5.3 999.0 99.0 99.00
2004 12 24 18 999 99.0 99.0 99.00 99.00 99.00 999 9999.0 999.0   5.3 999.0 99.0 99.00
2004 12 24 19 999 99.0 99.0 99.00 99.00 99.00 999 9999.0 999.0   5.3 999.0 99.0 99.00
2004 12 24 20 999 99.0 99.0 99.00 99.00 99.00 999 9999.0 999.0   5.3 999.0 99.0 99.00
2004 12 24 21 999 99.0 99.0 99.00 99.00 99.00 999 9999.0 999.0   5.4 999.0 99.0 99.00
2004 12 24 22 999 99.0 99.0 99.00 99.00 99.00 999 9999.0 999.0   5.2 999.0 99.0 99.00
2004 12 24 23 999 99.0 99.0 99.00 99.00 99.00 999 9999.0 999.0   5.4 999.0 99.0 99.00
2004 12 25 00 999 99.0 99.0 99.00 99.00 99.00 999 9999.0 999.0   5.2 999.0 99.0 99.00
2004 12 25 01 999 99.0 99.0 99.00 99.00 99.00 999 9999.0 999.0   5.3 999.0 99.0 99.00
2004 12 25 02 999 99.0 99.0 99.00 99.00 99.00 999 9999.0 999.0   5.1 999.0 99.0 99.00
2004 12 25 03 999 99.0 99.0 99.00 99.00 99.00 999 9999.0 999.0   5.1 999.0 99.0 99.00
2004 12 25 04 999 99.0 99.0 99.00 99.00 99.00 999 9999.0 999.0   5.1 999.0 99.0 99.00
2004 12 25 05 999 99.0 99.0 99.00 99.00 99.00 999 9999.0 999.0   4.9 999.0 99.0 99.00
2004 12 25 06 999 99.0 99.0 99.00 99.00 99.00 999 9999.0 999.0   5.2 999.0 99.0 99.00
2004 12 25 07 999 99.0 99.0 99.00 99.00 99.00 999 9999.0 999.0   5.3 999.0 99.0 99.00
2004 12 25 08 999 99.0 99.0 99.00 99.00 99.00 999 9999.0 999.0   5.2 999.0 99.0 99.00
2004 12 25 09 999 99.0 99.0 99.00 99.00 99.00 999 9999.0 999.0   5.2 999.0 99.0 99.00
2004 12 25 10 999 99.0 99.0 99.00 99.00 99.00 999 9999.0 999.0   5.2 999.0 99.0 99.00
2004 12 25 11 999 99.0 99.0 99.00 99.00 99.00 999 9999.0 999.0   5.0 999.0 99.0 99.00
2004 12 25 12 999 99.0 99.0 99.00 99.00 99.00 999 9999.0 999.0   4.9 999.0 99.0 99.00
2004 12 25 13 999 99.0 99.0 99.00 99.00 99.00 999 9999.0 999.0   4.8 999.0 99.0 99.00
2004 12 25 14 999 99.0 99.0 99.00 99.00 99.00 999 9999.0 999.0   4.7 999.0 99.0 99.00
2004 12 25 15 999 99.0 99.0 99.00 99.00 99.00 999 9999.0 999.0   4.9 999.0 99.0 99.00
2004 12 25 16 999 99.0 99.0 99.00 99.00 99.00 999 9999.0 999.0   4.6 999.0 99.0 99.00
2004 12 25 17 999 99.0 99.0 99.00 99.00 99.00 999 9999.0 999.0   4.7 999.0 99.0 99.00
2004 12 25 18 999 99.0 99.0 99.00 99.00 99.00 999 9999.0 999.0   4.8 999.0 99.0 99.00
2004 12 25 19 999 99.0 99.0 99.00 99.00 99.00 999 9999.0 999.0   4.9 999.0 99.0 99.00
2004 12 25 20 999 99.0 99.0 99.00 99.00 99.00 999 9999.0 999.0   4.9 999.0 99.0 99.00
2004 12 25 21 999 99.0 99.0 99.00 99.00 99.00 999 9999.0 999.0   4.8 999.0 99.0 99.00
2004 12 25 22 999 99.0 99.0 99.00 99.00 99.00 999 9999.0 999.0   4.8 999.0 99.0 99.00
2004 12 25 23 999 99.0 99.0 99.00 99.00 99.00 999 9999.0 999.0   5.0 999.0 99.0 99.00
2004 12 26 00 999 99.0 99.0 99.00 99.00 99.00 999 9999.0 999.0   4.6 999.0 99.0 99.00
2004 12 26 01 999 99.0 99.0 99.00 99.00 99.00 999 9999.0 999.0   4.6 999.0 99.0 99.00
2004 12 26 02 999 99.0 99.0 99.00 99.00 99.00 999 9999.0 999.0   4.6 999.0 99.0 99.00
2004 12 26 03 999 99.0 99.0 99.00 99.00 99.00 999 9999.0 999.0   4.6 999.0 99.0 99.00
2004 12 26 04 999 99.0 99.0 99.00 99.00 99.00 999 9999.0 999.0   4.6 999.0 99.0 99.00
2004 12 26 05 999 99.0 99.0 99.00 99.00 99.00 999 9999.0 999.0   4.6 999.0 99.0 99.00
2004 12 26 06 999 99.0 99.0 99.00 99.00 99.00 999 9999.0 999.0   4.6 999.0 99.0 99.00
2004 12 26 07 999 99.0 99.0 99.00 99.00 99.00 999 9999.0 999.0   4.8 999.0 99.0 99.00
2004 12 26 08 999 99.0 99.0 99.00 99.00 99.00 999 9999.0 999.0   4.6 999.0 99.0 99.00
2004 12 26 09 999 99.0 99.0 99.00 99.00 99.00 999 9999.0 999.0   4.7 999.0 99.0 99.00
2004 12 26 19 999 99.0 99.0 99.00 99.00 99.00 999 9999.0 999.0   4.6 999.0 99.0 99.00
2004 12 26 20 999 99.0 99.0 99.00 99.00 99.00 999 9999.0 999.0   4.4 999.0 99.0 99.00
2004 12 26 21 999 99.0 99.0 99.00 99.00 99.00 999 9999.0 999.0   4.4 999.0 99.0 99.00
2004 12 26 22 999 99.0 99.0 99.00 99.00 99.00 999 9999.0 999.0   4.6 999.0 99.0 99.00
2004 12 26 23 999 99.0 99.0 99.00 99.00 99.00 999 9999.0 999.0   4.6 999.0 99.0 99.00
2004 12 27 00 999 99.0 99.0 99.00 99.00 99.00 999 9999.0 999.0   4.3 999.0 99.0 99.00
2004 12 27 05 999 99.0 99.0 99.00 99.00 99.00 999 9999.0 999.0   4.2 999.0 99.0 99.00
2004 12 27 06 999 99.0 99.0 99.00 99.00 99.00 999 9999.0 999.0   4.3 999.0 99.0 99.00
2004 12 27 07 999 99.0 99.0 99.00 99.00 99.00 999 9999.0 999.0   4.2 999.0 99.0 99.00
2004 12 27 08 999 99.0 99.0 99.00 99.00 99.00 999 9999.0 999.0   4.2 999.0 99.0 99.00
2004 12 27 09 999 99.0 99.0 99.00 99.00 99.00 999 9999.0 999.0   4.1 999.0 99.0 99.00
2004 12 27 10 999 99.0 99.0 99.00 99.00 99.00 999 9999.0 999.0   3.7 999.0 99.0 99.00
2004 12 27 11 999 99.0 99.0 99.00 99.00 99.00 999 9999.0 999.0   3.5 999.0 99.0 99.00
2004 12 27 12 999 99.0 99.0 99.00 99.00 99.00 999 9999.0 999.0   3.3 999.0 99.0 99.00
2004 12 27 13 999 99.0 99.0 99.00 99.00 99.00 999 9999.0 999.0   3.4 999.0 99.0 99.00
2004 12 27 14 999 99.0 99.0 99.00 99.00 99.00 999 9999.0 999.0   3.4 999.0 99.0 99.00
2004 12 27 15 999 99.0 99.0 99.00 99.00 99.00 999 9999.0 999.0   3.5 999.0 99.0 99.00
2004 12 27 16 999 99.0 99.0 99.00 99.00 99.00 999 9999.0 999.0   3.5 999.0 99.0 99.00
2004 12 27 17 999 99.0 99.0 99.00 99.00 99.00 999 9999.0 999.0   3.5 999.0 99.0 99.00
2004 12 27 18 999 99.0 99.0 99.00 99.00 99.00 999 9999.0 999.0   3.3 999.0 99.0 99.00
2004 12 27 19 999 99.0 99.0 99.00 99.00 99.00 999 9999.0 999.0   3.5 999.0 99.0 99.00
2004 12 27 20 999 99.0 99.0 99.00 99.00 99.00 999 9999.0 999.0   3.6 999.0 99.0 99.00
2004 12 27 21 999 99.0 99.0 99.00 99.00 99.00 999 9999.0 999.0   3.3 999.0 99.0 99.00
2004 12 27 22 999 99.0 99.0 99.00 99.00 99.00 999 9999.0 999.0   3.4 999.0 99.0 99.00
2004 12 27 23 999 99.0 99.0 99.00 99.00 99.00 999 9999.0 999.0   3.6 999.0 99.0 99.00
2004 12 28 05 999 99.0 99.0 99.00 99.00 99.00 999 9999.0 999.0   2.9 999.0 99.0 99.00
2004 12 28 06 999 99.0 99.0 99.00 99.00 99.00 999 9999.0 999.0   3.2 999.0 99.0 99.00
2004 12 28 07 999 99.0 99.0 99.00 99.00 99.00 999 9999.0 999.0   3.0 999.0 99.0 99.00
2004 12 28 08 999 99.0 99.0 99.00 99.00 99.00 999 9999.0 999.0   2.9 999.0 99.0 99.00
2004 12 28 09 999 99.0 99.0 99.00 99.00 99.00 999 9999.0 999.0   2.9 999.0 99.0 99.00
2004 12 28 10 999 99.0 99.0 99.00 99.00 99.00 999 9999.0 999.0   3.2 999.0 99.0 99.00
2004 12 28 11 999 99.0 99.0 99.00 99.00 99.00 999 9999.0 999.0   3.0 999.0 99.0 99.00
2004 12 28 12 999 99.0 99.0 99.00 99.00 99.00 999 9999.0 999.0   3.0 999.0 99.0 99.00
2004 12 28 13 999 99.0 99.0 99.00 99.00 99.00 999 9999.0 999.0   2.6 999.0 99.0 99.00
2004 12 28 14 999 99.0 99.0 99.00 99.00 99.00 999 9999.0 999.0   2.6 999.0 99.0 99.00
2004 12 28 15 999 99.0 99.0 99.00 99.00 99.00 999 9999.0 999.0   2.5 999.0 99.0 99.00
2004 12 28 16 999 99.0 99.0 99.00 99.00 99.00 999 9999.0 999.0   2.3 999.0 99.0 99.00
2004 12 28 17 999 99.0 99.0 99.00 99.00 99.00 999 9999.0 999.0   2.4 999.0 99.0 99.00
2004 12 28 18 999 99.0 99.0 99.00 99.00 99.00 999 9999.0 999.0   2.5 999.0 99.0 99.00
2004 12 28 22 999 99.0 99.0 99.00 99.00 99.00 999 9999.0 999.0   2.7 999.0 99.0 99.00
2004 12 28 23 999 99.0 99.0 99.00 99.00 99.00 999 9999.0 999.0   2.9 999.0 99.0 99.00
2004 12 29 00 999 99.0 99.0 99.00 99.00 99.00 999 9999.0 999.0   2.9 999.0 99.0 99.00
2004 12 29 01 999 99.0 99.0 99.00 99.00 99.00 999 9999.0 999.0   3.1 999.0 99.0 99.00
2004 12 29 02 999 99.0 99.0 99.00 99.00 99.00 999 9999.0 999.0   3.0 999.0 99.0 99.00
2004 12 29 03 999 99.0 99.0 99.00 99.00 99.00 999 9999.0 999.0   3.1 999.0 99.0 99.00
2004 12 29 04 999 99.0 99.0 99.00 99.00 99.00 999 9999.0 999.0   2.8 999.0 99.0 99.00
2004 12 29 05 999 99.0 99.0 99.00 99.00 99.00 999 9999.0 999.0   2.5 999.0 99.0 99.00
2004 12 29 10 999 99.0 99.0 99.00 99.00 99.00 999 9999.0 999.0   2.8 999.0 99.0 99.00
2004 12 29 11 999 99.0 99.0 99.00 99.00 99.00 999 9999.0 999.0   2.7 999.0 99.0 99.00
2004 12 29 12 999 99.0 99.0 99.00 99.00 99.00 999 9999.0 999.0   3.1 999.0 99.0 99.00
2004 12 29 13 999 99.0 99.0 99.00 99.00 99.00 999 9999.0 999.0   2.9 999.0 99.0 99.00
2004 12 29 14 999 99.0 99.0 99.00 99.00 99.00 999 9999.0 999.0   2.9 999.0 99.0 99.00
2004 12 29 15 999 99.0 99.0 99.00 99.00 99.00 999 9999.0 999.0   3.2 999.0 99.0 99.00
2004 12 29 16 999 99.0 99.0 99.00 99.00 99.00 999 9999.0 999.0   2.9 999.0 99.0 99.00
2004 12 29 17 999 99.0 99.0 99.00 99.00 99.00 999 9999.0 999.0   2.9 999.0 99.0 99.00
2004 12 29 18 999 99.0 99.0 99.00 99.00 99.00 999 9999.0 999.0   2.8 999.0 99.0 99.00
2004 12 29 19 999 99.0 99.0 99.00 99.00 99.00 999 9999.0 999.0   2.8 999.0 99.0 99.00
2004 12 29 20 999 99.0 99.0 99.00 99.00 99.00 999 9999.0 999.0   3.1 999.0 99.0 99.00
2004 12 29 21 999 99.0 99.0 99.00 99.00 99.00 999 9999.0 999.0   3.3 999.0 99.0 99.00
2004 12 29 22 999 99.0 99.0 99.00 99.00 99.00 999 9999.0 999.0   3.1 999.0 99.0 99.00
2004 12 29 23 999 99.0 99.0 99.00 99.00 99.00 999 9999.0 999.0   3.1 999.0 99.0 99.00
2004 12 30 00 999 99.0 99.0 99.00 99.00 99.00 999 9999.0 999.0   3.1 999.0 99.0 99.00
2004 12 30 01 999 99.0 99.0 99.00 99.00 99.00 999 9999.0 999.0   3.2 999.0 99.0 99.00
2004 12 30 02 999 99.0 99.0 99.00 99.00 99.00 999 9999.0 999.0   3.3 999.0 99.0 99.00
2004 12 30 03 999 99.0 99.0 99.00 99.00 99.00 999 9999.0 999.0   3.4 999.0 99.0 99.00
2004 12 30 04 999 99.0 99.0 99.00 99.00 99.00 999 9999.0 999.0   3.2 999.0 99.0 99.00
2004 12 30 05 999 99.0 99.0 99.00 99.00 99.00 999 9999.0 999.0   3.2 999.0 99.0 99.00
2004 12 30 06 999 99.0 99.0 99.00 99.00 99.00 999 9999.0 999.0   3.1 999.0 99.0 99.00
2004 12 30 07 999 99.0 99.0 99.00 99.00 99.00 999 9999.0 999.0   3.3 999.0 99.0 99.00
2004 12 30 08 999 99.0 99.0 99.00 99.00 99.00 999 9999.0 999.0   3.2 999.0 99.0 99.00
2004 12 30 09 999 99.0 99.0 99.00 99.00 99.00 999 9999.0 999.0   3.2 999.0 99.0 99.00
2004 12 30 10 999 99.0 99.0 99.00 99.00 99.00 999 9999.0 999.0   3.3 999.0 99.0 99.00
2004 12 30 11 999 99.0 99.0 99.00 99.00 99.00 999 9999.0 999.0   3.4 999.0 99.0 99.00
2004 12 30 13 999 99.0 99.0 99.00 99.00 99.00 999 9999.0 999.0   3.4 999.0 99.0 99.00
2004 12 30 14 999 99.0 99.0 99.00 99.00 99.00 999 9999.0 999.0   3.4 999.0 99.0 99.00
2004 12 30 15 999 99.0 99.0 99.00 99.00 99.00 999 9999.0 999.0   3.4 999.0 99.0 99.00
2004 12 30 16 999 99.0 99.0 99.00 99.00 99.00 999 9999.0 999.0   3.2 999.0 99.0 99.00
2004 12 30 17 999 99.0 99.0 99.00 99.00 99.00 999 9999.0 999.0   3.4 999.0 99.0 99.00
2004 12 30 18 999 99.0 99.0 99.00 99.00 99.00 999 9999.0 999.0   3.3 999.0 99.0 99.00
2004 12 30 19 999 99.0 99.0 99.00 99.00 99.00 999 9999.0 999.0   3.2 999.0 99.0 99.00
2004 12 30 20 999 99.0 99.0 99.00 99.00 99.00 999 9999.0 999.0   3.2 999.0 99.0 99.00
2004 12 30 21 999 99.0 99.0 99.00 99.00 99.00 999 9999.0 999.0   3.3 999.0 99.0 99.00
2004 12 30 22 999 99.0 99.0 99.00 99.00 99.00 999 9999.0 999.0   3.1 999.0 99.0 99.00
2004 12 30 23 999 99.0 99.0 99.00 99.00 99.00 999 9999.0 999.0   3.5 999.0 99.0 99.00
2004 12 31 00 999 99.0 99.0 99.00 99.00 99.00 999 9999.0 999.0   3.5 999.0 99.0 99.00
2004 12 31 01 999 99.0 99.0 99.00 99.00 99.00 999 9999.0 999.0   3.5 999.0 99.0 99.00
2004 12 31 02 999 99.0 99.0 99.00 99.00 99.00 999 9999.0 999.0   3.4 999.0 99.0 99.00
2004 12 31 03 999 99.0 99.0 99.00 99.00 99.00 999 9999.0 999.0   3.5 999.0 99.0 99.00
2004 12 31 04 999 99.0 99.0 99.00 99.00 99.00 999 9999.0 999.0   3.4 999.0 99.0 99.00
2004 12 31 05 999 99.0 99.0 99.00 99.00 99.00 999 9999.0 999.0   3.4 999.0 99.0 99.00
2004 12 31 06 999 99.0 99.0 99.00 99.00 99.00 999 9999.0 999.0   3.2 999.0 99.0 99.00
2004 12 31 07 999 99.0 99.0 99.00 99.00 99.00 999 9999.0 999.0   3.0 999.0 99.0 99.00
2004 12 31 08 999 99.0 99.0 99.00 99.00 99.00 999 9999.0 999.0   3.3 999.0 99.0 99.00
2004 12 31 09 999 99.0 99.0 99.00 99.00 99.00 999 9999.0 999.0   3.2 999.0 99.0 99.00
2004 12 31 10 999 99.0 99.0 99.00 99.00 99.00 999 9999.0 999.0   3.3 999.0 99.0 99.00
2004 12 31 11 999 99.0 99.0 99.00 99.00 99.00 999 9999.0 999.0   3.3 999.0 99.0 99.00
2004 12 31 12 999 99.0 99.0 99.00 99.00 99.00 999 9999.0 999.0   3.3 999.0 99.0 99.00
2004 12 31 13 999 99.0 99.0 99.00 99.00 99.00 999 9999.0 999.0   3.4 999.0 99.0 99.00
2004 12 31 14 999 99.0 99.0 99.00 99.00 99.00 999 9999.0 999.0   3.6 999.0 99.0 99.00
2004 12 31 15 999 99.0 99.0 99.00 99.00 99.00 999 9999.0 999.0   3.5 999.0 99.0 99.00
2004 12 31 16 999 99.0 99.0 99.00 99.00 99.00 999 9999.0 999.0   3.4 999.0 99.0 99.00
2004 12 31 17 999 99.0 99.0 99.00 99.00 99.00 999 9999.0 999.0   3.3 999.0 99.0 99.00
2004 12 31 18 999 99.0 99.0 99.00 99.00 99.00 999 9999.0 999.0   3.6 999.0 99.0 99.00
2004 12 31 19 999 99.0 99.0 99.00 99.00 99.00 999 9999.0 999.0   3.6 999.0 99.0 99.00
2004 12 31 20 999 99.0 99.0 99.00 99.00 99.00 999 9999.0 999.0   3.6 999.0 99.0 99.00
2004 12 31 21 999 99.0 99.0 99.00 99.00 99.00 999 9999.0 999.0   3.5 999.0 99.0 99.00
2004 12 31 22 999 99.0 99.0 99.00 99.00 99.00 999 9999.0 999.0   3.4 999.0 99.0 99.00
2004 12 31 23 999 99.0 99.0 99.00 99.00 99.00 999 9999.0 999.0   3.5 999.0 99.0 99.00
